06 037 000000 4469 5709
06 037 000001 3246 4133
06 037 000002 5564 7130
06 037 000003 4011 5146
06 037 000004 2001 2578
06 037 000005 2622 3344
06 037 000006 5004 6452
06 037 000007 3996 5133
06 037 000008 3640 4651
06 037 000009 3256 4156
06 037 000010 2744 3499
06 037 000011 2298 2947
06 037 000012 3315 4253
06 037 000013 3754 4819
06 037 000014 2172 2794
06 037 000015 3858 4916
06 037 000016 3011 3844
06 037 000017 4400 5665
06 037 000018 2763 3528
06 037 000019 1426 1805
06 037 000020 1186 1551
06 037 000021 2168 2790
06 037 000022 2188 2801
06 037 000023 4358 5578
06 037 000024 1287 1666
06 037 000025 3379 4317
06 037 000026 2138 2741
06 037 000027 4097 5253
06 037 000028 5123 6562
06 037 000029 3685 4680
06 037 000030 3351 4284
06 037 000031 3241 4167
06 037 000032 5270 6798
06 037 000033 1750 2240
06 037 000034 4061 5236
06 037 000035 2387 3002
06 037 000036 4071 5273
06 037 000037 3926 5004
06 037 000038 2424 3102
06 037 000039 5764 7410
06 037 000040 2303 2989
06 037 000041 3452 4401
06 037 000042 3428 4418
06 037 000043 4062 5257
06 037 000044 3170 4020
06 037 000045 3322 4273
06 037 000046 1355 1739
06 037 000047 4027 5129
06 037 000048 3059 3934
06 037 000049 1711 2176
06 037 000050 3553 4555
06 037 000051 1433 1817
06 037 000052 5068 6474
06 037 000053 3301 4215
06 037 000054 3416 4335
06 037 000055 4449 5699
06 037 000056 2716 3484
06 037 000057 2579 3326
06 037 000058 3338 4295
06 037 000059 2419 3130
06 037 000060 2680 3428
06 037 000061 3919 5044
06 037 000062 1601 2045
06 037 000063 747 956
06 037 000064 2272 2923
06 037 000065 3678 4728
06 037 000066 592 759
06 037 000067 1573 2048
06 037 000068 5039 6497
06 037 000069 2878 3765
06 037 000070 1838 2310
06 037 000071 1488 1900
06 037 000072 3555 4551
06 037 000073 5172 6656
06 037 000074 2679 3480
06 037 000075 4130 5320
06 037 000076 2991 3857
06 037 000077 1430 1840
06 037 000078 3390 4346
06 037 000079 1390 1714
06 037 000080 3550 4535
06 037 000081 3212 4126
06 037 000082 2773 3555
06 037 000083 3851 4930
06 037 000084 3240 4148
06 037 000085 4260 5454
06 037 000086 5141 6655
06 037 000087 4278 5467
06 037 000088 5733 7335
06 037 000089 4751 6082
06 037 000090 2236 2837
06 037 000091 4679 5970
06 037 000092 2586 3292
06 037 000093 3555 4554
06 037 000094 4282 5473
06 037 000095 3434 4396
06 037 000096 3037 3863
06 037 000097 3834 4936
06 037 000098 3962 5068
06 037 000099 3926 5072
06 037 000100 4059 5150
06 037 000101 2740 3541
06 037 000102 3287 4241
06 037 000103 3548 4569
06 037 000104 2620 3364
06 037 000105 2634 3403
06 037 000106 1376 1792
06 037 000107 2328 2984
06 037 000108 4212 5406
06 037 000109 3799 4854
06 037 000110 1874 2389
06 037 000111 2018 2558
06 037 000112 1926 2490
06 037 000113 3527 4539
06 037 000114 4039 5211
06 037 000115 2697 3432
06 037 000116 4577 5890
06 037 000117 869 1092
06 037 000118 3435 4428
06 037 000119 3116 4031
06 037 000120 1941 2570
06 037 000121 3375 4263
06 037 000122 4345 5526
06 037 000123 3675 4740
06 037 000124 2986 3810
06 037 000125 4033 5175
06 037 000126 5501 7054
06 037 000127 2242 2892
06 037 000128 3344 4277
06 037 000129 3058 3933
06 037 000130 4149 5311
06 037 000131 3507 4515
06 037 000132 1804 2301
06 037 000133 3668 4694
06 037 000134 5391 6899
06 037 000135 4900 6255
06 037 000136 1849 2380
06 037 000137 1900 2450
06 037 000138 2904 3736
06 037 000139 4570 5798
06 037 000140 5416 6951
06 037 000141 3473 4437
06 037 000142 3703 4762
06 037 000143 3662 4686
06 037 010000 3897 4993
06 037 010001 2378 2982
06 037 010002 2941 3775
06 037 010003 3789 4832
06 037 010004 1101 1437
06 037 010005 3723 4750
06 037 010006 5679 7296
06 037 010007 5681 7306
06 037 010008 2402 3098
06 037 010009 1838 2325
06 037 010010 4141 5338
06 037 010011 3096 3926
06 037 010012 4445 5724
06 037 010013 3947 5072
06 037 010014 3425 4399
06 037 010015 2418 3161
06 037 010016 5753 7365
06 037 010017 3165 4053
06 037 010018 1728 2249
06 037 010019 2944 3760
06 037 010020 4970 6382
06 037 010021 2575 3350
06 037 010022 2621 3356
06 037 010023 2558 3297
06 037 010024 2566 3330
06 037 010025 2335 3003
06 037 010026 2968 3802
06 037 010027 2433 3137
06 037 010028 2356 3038
06 037 010029 4054 5151
06 037 010030 5202 6662
06 037 010031 3527 4491
06 037 010032 1848 2360
06 037 010033 2997 3826
06 037 010034 2401 3024
06 037 010035 4893 6250
06 037 010036 3414 4365
06 037 010037 2768 3599
06 037 010038 4308 5540
06 037 010039 2312 3006
06 037 010040 2025 2589
06 037 010041 3490 4431
06 037 010042 3770 4841
06 037 010043 3159 4046
06 037 010044 6554 8442
06 037 010045 3545 4537
06 037 010046 4405 5649
06 037 010047 4836 6230
06 037 010048 4296 5568
06 037 010049 3158 4007
06 037 010050 2614 3327
06 037 010051 4442 5660
06 037 010052 3007 3876
06 037 010053 2206 2810
06 037 010054 3484 4457
06 037 010055 2703 3468
06 037 010056 3244 4191
06 037 010057 4524 5802
06 037 010058 3873 4917
06 037 010059 2518 3204
06 037 010060 1085 1396
06 037 010061 2453 3174
06 037 010062 3839 4927
06 037 010063 4561 5864
06 037 010064 3821 4859
06 037 010065 3524 4547
06 037 010066 3008 3850
06 037 010067 1905 2420
06 037 010068 2020 2626
06 037 010069 2644 3458
06 037 010070 3261 4182
06 037 010071 3514 4505
06 037 010072 2728 3483
06 037 010073 1998 2569
06 037 010074 4535 5874
06 037 010075 2484 3224
06 037 010076 2998 3841
06 037 010077 3153 4046
06 037 010078 960 1228
06 037 010079 2563 3318
06 037 010080 3933 5054
06 037 010081 3147 4095
06 037 010082 1717 2193
06 037 010083 4777 6079
06 037 010084 1862 2391
06 037 010085 1873 2337
06 037 010086 3673 4677
06 037 010087 4481 5771
06 037 010088 3655 4702
06 037 010089 4337 5619
06 037 010090 2918 3727
06 037 010091 1405 1776
06 037 010092 5008 6433
06 037 010093 2466 3230
06 037 010094 4340 5574
06 037 010095 3216 4092
06 037 010096 1476 1917
06 037 010097 5705 7283
06 037 010098 1948 2531
06 037 010099 3197 4123
06 037 010100 4796 6135
06 037 010101 3741 4759
06 037 010102 1837 2354
06 037 010103 5482 6977
06 037 010104 3768 4831
06 037 010105 2914 3754
06 037 010106 4975 6381
06 037 010107 4764 6094
06 037 010108 4422 5674
06 037 010109 2461 3177
06 037 010110 2901 3737
06 037 010111 2335 2968
06 037 010112 4021 5192
06 037 010113 5064 6491
06 037 010114 4866 6230
06 037 010115 4059 5200
06 037 010116 2483 3173
06 037 010117 2430 3133
06 037 010118 2183 2822
06 037 010119 3518 4475
06 037 010120 1934 2439
06 037 010121 3665 4679
06 037 010122 4314 5502
06 037 010123 4156 5286
06 037 010124 6693 8589
06 037 010125 1388 1786
06 037 010126 2580 3302
06 037 010127 2666 3392
06 037 010128 2177 2757
06 037 010129 4957 6355
06 037 010130 3492 4431
06 037 010131 5310 6821
06 037 010132 2200 2850
06 037 010133 3565 4605
06 037 010134 5227 6743
06 037 010135 3586 4598
06 037 010136 2711 3517
06 037 010137 3127 3990
06 037 010138 2036 2592
06 037 010139 2718 3482
06 037 010140 3876 4960
06 037 010141 3016 3921
06 037 010142 4568 5852
06 037 010143 3190 4120
06 037 010144 4080 5203
06 037 010145 4623 5956
06 037 010146 3694 4744
06 037 010147 3747 4815
06 037 010148 4504 5775
06 037 010149 3351 4269
06 037 010150 1016 1324
06 037 010151 3526 4536
06 037 010152 2876 3727
06 037 010153 3470 4460
06 037 010154 2961 3772
06 037 010155 2476 3173
06 037 010156 2215 2870
06 037 010157 2948 3809
06 037 010158 3097 3940
06 037 010159 4751 6082
06 037 010160 3319 4293
06 037 010161 3392 4369
06 037 010162 4127 5284
06 037 010163 4897 6295
06 037 010164 2815 3595
06 037 010165 5515 7048
06 037 010166 2582 3290
06 037 010167 4407 5629
06 037 010168 3036 3911
06 037 010169 2391 3085
06 037 010170 3080 3923
06 037 010171 4108 5248
06 037 010172 3737 4774
06 037 010173 3010 3852
06 037 010174 4258 5465
06 037 010175 4880 6243
06 037 010176 3220 4170
06 037 010177 1506 1932
06 037 010178 3304 4238
06 037 010179 3477 4434
06 037 010180 2629 3362
06 037 010181 4449 5694
06 037 010182 2556 3253
06 037 010183 3369 4327
06 037 010184 3135 4030
06 037 010185 2630 3362
06 037 010186 3291 4203
06 037 010187 3413 4396
06 037 010188 5348 6845
06 037 010189 3901 4956
06 037 010190 2550 3239
06 037 010191 2177 2771
06 037 010192 4138 5300
06 037 010193 3282 4192
06 037 010194 2158 2775
06 037 010195 3672 4713
06 037 010196 2043 2590
06 037 010197 4749 6078
06 037 010198 4050 5174
06 037 010199 5052 6512
06 037 020000 3881 4947
06 037 020001 4043 5168
06 037 020002 2400 3078
06 037 020003 4262 5468
06 037 020004 3770 4863
06 037 020005 4551 5821
06 037 020006 2516 3214
06 037 020007 5248 6704
06 037 020008 1245 1610
06 037 020009 2135 2772
06 037 020010 971 1266
06 037 020011 4282 5511
06 037 020012 4057 5184
06 037 020013 2079 2705
06 037 020014 610 774
06 037 020015 5362 6889
06 037 020016 1604 2058
06 037 020017 3706 4755
06 037 020018 4861 6244
06 037 020019 4784 6148
06 037 020020 2812 3584
06 037 020021 3732 4771
06 037 020022 749 919
06 037 020023 2028 2591
06 037 020024 3666 4691
06 037 020025 3845 4949
06 037 020026 3781 4879
06 037 020027 3112 4021
06 037 020028 2346 3029
06 037 020029 3448 4416
06 037 020030 3969 5090
06 037 020031 3704 4767
06 037 020032 3362 4304
06 037 020033 3846 4950
06 037 020034 3078 3912
06 037 020035 2867 3661
06 037 020036 3327 4301
06 037 020037 2967 3857
06 037 020038 2877 3702
06 037 020039 1668 2195
06 037 020040 3171 3991
06 037 020041 4063 5206
06 037 020042 1545 1970
06 037 020043 4629 5915
06 037 020044 2545 3239
06 037 020045 1251 1599
06 037 020046 1956 2493
06 037 020047 3848 4935
06 037 020048 4914 6256
06 037 020049 3310 4266
06 037 020050 3356 4289
06 037 020051 3599 4608
06 037 020052 1947 2447
06 037 020053 4304 5507
06 037 020054 2012 2577
06 037 020055 4237 5417
06 037 020056 3002 3880
06 037 020057 2639 3368
06 037 020058 2165 2751
06 037 020059 4297 5531
06 037 020060 5014 6427
06 037 020061 2153 2778
06 037 020062 3235 4130
06 037 020063 3155 4025
06 037 020064 3924 5036
06 037 020065 2062 2742
06 037 020066 3248 4160
06 037 020067 1395 1841
06 037 020068 3695 4724
06 037 020069 3076 3932
06 037 020070 1820 2347
06 037 020071 5030 6417
06 037 020072 4676 6006
06 037 020073 4646 5952
06 037 020074 3103 4002
06 037 020075 1837 2393
06 037 020076 3580 4623
06 037 020077 2441 3127
06 037 020078 3335 4290
06 037 020079 4019 5158
06 037 020080 3833 4901
06 037 020081 3555 4594
06 037 020082 2678 3410
06 037 020083 4076 5217
06 037 020084 2254 2946
06 037 020085 3631 4685
06 037 020086 3009 3850
06 037 020087 2731 3510
06 037 020088 1200 1524
06 037 020089 2845 3661
06 037 020090 5005 6378
06 037 020091 3182 4040
06 037 020092 3165 4026
06 037 020093 5284 6791
06 037 020094 4203 5423
06 037 020095 2606 3340
06 037 020096 4412 5667
06 037 020097 3056 3894
06 037 020098 1982 2551
06 037 020099 4828 6164
06 037 020100 3787 4808
06 037 020101 3827 4900
06 037 020102 4082 5216
06 037 020103 2926 3792
06 037 020104 1540 1963
06 037 020105 4102 5274
06 037 020106 1980 2569
06 037 020107 1555 1975
06 037 020108 2689 3419
06 037 020109 2822 3616
06 037 020110 3015 3896
06 037 020111 3812 4894
06 037 020112 4149 5342
06 037 020113 2702 3463
06 037 020114 2917 3767
06 037 020115 2060 2623
06 037 020116 1454 1853
06 037 020117 2873 3726
06 037 020118 1230 1584
06 037 020119 2358 3074
06 037 020120 3818 4881
06 037 020121 4859 6236
06 037 020122 2736 3526
06 037 020123 3195 4105
06 037 020124 3905 5006
06 037 020125 2402 3075
06 037 020126 2599 3314
06 037 020127 2478 3145
06 037 020128 2921 3754
06 037 020129 3201 4089
06 037 020130 1618 2070
06 037 020131 3143 4023
06 037 020132 3545 4560
06 037 020133 2211 2856
06 037 020134 4369 5564
06 037 020135 4189 5365
06 037 020136 3105 3996
06 037 020137 3485 4444
06 037 020138 3533 4480
06 037 020139 5873 7537
06 037 020140 3466 4456
06 037 020141 4354 5590
06 037 020142 3367 4309
06 037 020143 4534 5810
06 037 020144 1679 2171
06 037 020145 4324 5552
06 037 020146 4015 5159
06 037 020147 2681 3472
06 037 020148 3867 4907
06 037 020149 1357 1746
06 037 020150 3287 4176
06 037 020151 1714 2201
06 037 020152 5838 7462
06 037 020153 4006 5083
06 037 020154 2304 2908
06 037 020155 2706 3452
06 037 020156 3306 4227
06 037 020157 3362 4303
06 037 020158 2298 2882
06 037 020159 4349 5580
06 037 020160 1328 1696
06 037 020161 1051 1332
06 037 020162 3194 4096
06 037 020163 1842 2380
06 037 020164 5401 6944
06 037 020165 2168 2843
06 037 020166 3907 4984
06 037 020167 4359 5619
06 037 020168 4391 5638
06 037 020169 3187 4086
06 037 020170 3547 4577
06 037 020171 3707 4723
06 037 020172 3517 4531
06 037 020173 2859 3631
06 037 020174 1481 1845
06 037 020175 1524 1981
06 037 020176 3347 4270
06 037 020177 3117 4008
06 037 020178 4683 5996
06 037 020179 4625 5926
06 037 020180 2282 2922
06 037 020181 3366 4328
06 037 020182 1458 1839
06 037 020183 2813 3618
06 037 020184 3389 4358
06 037 020185 4493 5729
06 037 020186 3290 4234
06 037 020187 4820 6196
06 037 020188 2766 3557
06 037 020189 2388 3036
06 037 020190 3125 3999
06 037 020191 5292 6763
06 037 020192 1325 1730
06 037 020193 2947 3767
06 037 020194 3792 4888
06 037 020195 3806 4848
06 037 020196 2758 3550
06 037 020197 2796 3598
06 037 020198 2100 2766
06 037 020199 2350 3065
06 037 020200 1011 1334
06 037 020201 1645 2090
06 037 020202 2650 3409
06 037 020203 3255 4172
06 037 020204 2965 3779
06 037 020205 3243 4163
06 037 020206 4560 5842
06 037 020207 3209 4106
06 037 020208 1010 1334
06 037 020209 3088 3941
06 037 020210 2602 3302
06 037 020211 1894 2394
06 037 020212 5020 6463
06 037 020213 3252 4205
06 037 020214 2702 3478
06 037 020215 4588 5872
06 037 020216 3166 3999
06 037 020217 2607 3360
06 037 020218 3290 4235
06 037 020219 2304 2934
06 037 020220 705 906
06 037 020221 1986 2559
06 037 020222 2605 3325
06 037 020223 3666 4699
06 037 020224 3844 4962
06 037 020225 2592 3334
06 037 020226 5952 7615
06 037 020227 3088 3909
06 037 020228 5192 6650
06 037 020229 3563 4559
06 037 020230 2709 3516
06 037 020231 1567 1984
06 037 020232 3772 4879
06 037 020233 5027 6475
06 037 020234 774 949
06 037 020235 869 1110
06 037 020236 2984 3854
06 037 020237 2578 3271
06 037 020238 1735 2221
06 037 020239 4464 5724
06 037 020240 6053 7751
06 037 020241 2713 3454
06 037 020242 2754 3559
06 037 020243 2871 3657
06 037 020244 3370 4303
06 037 020245 4304 5521
06 037 020246 4403 5614
06 037 020247 4303 5518
06 037 020248 2784 3542
06 037 020249 2614 3338
06 037 020250 2366 3004
06 037 020251 3595 4592
06 037 020252 3645 4689
06 037 020253 761 956
06 037 020254 1699 2186
06 037 020255 3258 4175
06 037 020256 3223 4188
06 037 020257 3399 4377
06 037 020258 4622 5941
06 037 020259 1940 2493
06 037 020260 2599 3330
06 037 020261 3603 4637
06 037 020262 2674 3426
06 037 020263 3534 4495
06 037 020264 3313 4257
06 037 020265 4094 5226
06 037 020266 1163 1500
06 037 020267 1107 1433
06 037 020268 2841 3661
06 037 020269 4690 5967
06 037 020270 3729 4773
06 037 020271 3075 3939
06 037 020272 4099 5277
06 037 020273 1708 2173
06 037 020274 4120 5298
06 037 020275 1502 1931
06 037 020276 2817 3649
06 037 020277 2856 3652
06 037 020278 4083 5234
06 037 020279 4445 5711
06 037 020280 3404 4357
06 037 020281 4624 5990
06 037 020282 3456 4441
06 037 020283 3944 5106
06 037 020284 1601 2049
06 037 020285 1847 2324
06 037 020286 1970 2534
06 037 020287 3400 4306
06 037 020288 5061 6456
06 037 020289 2668 3416
06 037 020290 3427 4400
06 037 020291 2987 3842
06 037 020292 2319 2926
06 037 020293 2830 3590
06 037 020294 804 1019
06 037 020295 3661 4666
06 037 020296 3834 4929
06 037 020297 2614 3372
06 037 020298 2587 3323
06 037 020299 5337 6865
06 037 020300 3410 4347
06 037 020301 1869 2395
06 037 020302 3446 4462
06 037 020303 2882 3651
06 037 020304 763 975
06 037 020305 5475 7021
06 037 020306 4433 5671
06 037 020307 2527 3213
06 037 020308 3700 4752
06 037 020309 2454 3148
06 037 020310 3763 4816
06 037 020311 3905 4995
06 037 020312 2155 2770
06 037 020313 3187 4100
06 037 020314 1921 2493
06 037 020315 6193 7922
06 037 020316 3166 4053
06 037 020317 3480 4479
06 037 020318 2530 3225
06 037 020319 4365 5595
06 037 020320 3959 5064
06 037 020321 2308 2931
06 037 020322 6665 8518
06 037 020323 3591 4624
06 037 020324 4586 5907
06 037 020325 3697 4755
06 037 020326 4059 5193
06 037 020327 3094 3996
06 037 020328 1182 1458
06 037 020329 4059 5214
06 037 020330 3284 4173
06 037 020331 3555 4609
06 037 020332 2671 3453
06 037 020333 3587 4562
06 037 020334 3295 4207
06 037 020335 4157 5332
06 037 020336 1948 2556
06 037 020337 2866 3663
06 037 020338 2659 3436
06 037 020339 4158 5349
06 037 020340 2942 3748
06 037 020341 3009 3880
06 037 020342 2729 3528
06 037 020343 4010 5143
06 037 020344 4171 5393
06 037 020345 3556 4523
06 037 020346 2579 3300
06 037 020347 3692 4802
06 037 020348 3229 4157
06 037 020349 3987 5124
06 037 020350 2427 3046
06 037 020351 2117 2741
06 037 020352 1062 1331
06 037 020353 2195 2835
06 037 020354 5399 6922
06 037 020355 737 954
06 037 020356 2480 3187
06 037 020357 2313 2908
06 037 020358 4791 6091
06 037 020359 3297 4219
06 037 020360 2832 3635
06 037 020361 3528 4538
06 037 020362 3157 4041
06 037 020363 1327 1749
06 037 020364 2803 3643
06 037 020365 2758 3493
06 037 020366 2779 3579
06 037 020367 3928 5017
06 037 020368 3544 4552
06 037 020369 3545 4578
06 037 020370 2287 2927
06 037 020371 2316 2988
06 037 020372 2284 2977
06 037 020373 3487 4468
06 037 020374 4921 6284
06 037 020375 4120 5291
06 037 020376 1568 2009
06 037 020377 2152 2748
06 037 020378 4103 5226
06 037 020379 2937 3715
06 037 020380 3087 3907
06 037 020381 4111 5319
06 037 020382 5505 7012
06 037 020383 4658 5950
06 037 020384 3070 3951
06 037 020385 4414 5683
06 037 020386 5376 6884
06 037 020387 3422 4433
06 037 020388 3615 4594
06 037 020389 5110 6541
06 037 020390 2514 3218
06 037 020391 3142 4040
06 037 020392 2666 3449
06 037 020393 3634 4658
06 037 020394 3709 4757
06 037 020395 2299 3000
06 037 020396 2180 2812
06 037 020397 3751 4790
06 037 020398 4345 5527
06 037 020399 1493 1893
06 037 020400 4973 6385
06 037 020401 1543 1969
06 037 020402 1571 2021
06 037 020403 2526 3279
06 037 020404 1533 1961
06 037 020405 2294 2953
06 037 020406 4399 5625
06 037 020407 2604 3334
06 037 020408 3018 3845
06 037 020409 2406 3107
06 037 020410 830 1086
06 037 020411 2790 3613
06 037 020412 2225 2868
06 037 020413 4097 5247
06 037 020414 2660 3416
06 037 020415 2314 2985
06 037 020416 4827 6181
06 037 020417 3209 4088
06 037 020418 5348 6846
06 037 020419 2874 3653
06 037 020420 3269 4204
06 037 020421 3065 3963
06 037 020422 2467 3139
06 037 020423 4866 6263
06 037 020424 2451 3158
06 037 020425 3539 4521
06 037 020426 2265 2921
06 037 020427 2644 3345
06 037 020428 5495 7015
06 037 020429 3619 4638
06 037 020430 3650 4678
06 037 020431 3955 5059
06 037 020432 4602 5875
06 037 020433 3648 4660
06 037 020434 3546 4611
06 037 020435 2248 2855
06 037 020436 3287 4169
06 037 020437 6046 7759
06 037 020438 4269 5487
06 037 020439 3203 4082
06 037 020440 2941 3765
06 037 020441 5217 6686
06 037 020442 1575 2021
06 037 020443 1888 2409
06 037 020444 1703 2133
06 037 020445 4139 5263
06 037 020446 2515 3239
06 037 020447 3231 4095
06 037 020448 1157 1523
06 037 020449 892 1128
06 037 020450 2997 3827
06 037 020451 2726 3526
06 037 020452 3236 4142
06 037 020453 4407 5663
06 037 020454 1904 2483
06 037 020455 2988 3856
06 037 020456 3218 4134
06 037 020457 4922 6320
06 037 020458 2065 2663
06 037 020459 4500 5741
06 037 020460 4287 5489
06 037 020461 4876 6250
06 037 020462 2280 2908
06 037 020463 2020 2594
06 037 020464 2113 2705
06 037 020465 5668 7238
06 037 020466 3030 3858
06 037 020467 3327 4227
06 037 020468 4799 6210
06 037 020469 4513 5794
06 037 020470 2731 3473
06 037 020471 5086 6478
06 037 020472 3534 4555
06 037 020473 1102 1409
06 037 020474 1984 2548
06 037 020475 2545 3268
06 037 020476 3748 4788
06 037 020477 5751 7409
06 037 020478 2666 3446
06 037 020479 4377 5605
06 037 020480 2270 2927
06 037 020481 3742 4805
06 037 020482 2025 2624
06 037 020483 2968 3779
06 037 020484 2970 3801
06 037 020485 3221 4142
06 037 020486 2806 3615
06 037 020487 1759 2237
06 037 020488 2656 3365
06 037 020489 1549 2012
06 037 020490 2775 3520
06 037 020491 2355 3038
06 037 020492 2495 3258
06 037 020493 3776 4815
06 037 020494 2402 3092
06 037 020495 2867 3698
06 037 020496 3881 4951
06 037 020497 3789 4826
06 037 020498 5001 6419
06 037 020499 5570 7135
06 037 020500 2016 2598
06 037 020501 3452 4429
06 037 020502 2536 3234
06 037 020503 3474 4506
06 037 020504 2860 3663
06 037 020505 3937 5042
06 037 020506 2220 2829
06 037 020507 3541 4534
06 037 020508 4567 5806
06 037 020509 2251 2885
06 037 020510 6775 8664
06 037 020511 2985 3827
06 037 020512 2828 3647
06 037 020513 3530 4516
06 037 020514 2863 3704
06 037 020515 1691 2168
06 037 020516 1496 1934
06 037 020517 3960 5100
06 037 020518 2652 3393
06 037 020519 2658 3423
06 037 020520 3373 4319
06 037 020521 1991 2535
06 037 020522 3818 4921
06 037 020523 4101 5249
06 037 020524 4714 6048
06 037 020525 3038 3885
06 037 020526 4785 6098
06 037 020527 3630 4638
06 037 020528 2285 2952
06 037 020529 572 746
06 037 020530 6242 8009
06 037 020531 4566 5852
06 037 020532 2146 2707
06 037 020533 3471 4436
06 037 020534 2236 2896
06 037 020535 2387 3062
06 037 020536 1053 1387
06 037 020537 2981 3770
06 037 020538 4077 5217
06 037 020539 2685 3436
06 037 020540 3440 4420
06 037 020541 3985 5092
06 037 020542 2030 2614
06 037 020543 4188 5347
06 037 020544 1447 1879
06 037 020545 3279 4220
06 037 020546 852 1099
06 037 020547 4558 5875
06 037 020548 5881 7566
06 037 020549 3276 4207
06 037 020550 3821 4946
06 037 020551 4587 5893
06 037 020552 5107 6601
06 037 020553 4236 5439
06 037 020554 3213 4137
06 037 020555 3824 4936
06 037 020556 1956 2513
06 037 020557 4986 6380
06 037 020558 2665 3444
06 037 020559 3179 4072
06 037 020560 3611 4619
06 037 020561 2145 2766
06 037 020562 2979 3815
06 037 020563 4117 5241
06 037 020564 1801 2323
06 037 020565 4048 5159
06 037 020566 3430 4378
06 037 020567 2893 3712
06 037 020568 1788 2252
06 037 020569 4215 5391
06 037 020570 2689 3415
06 037 020571 2105 2713
06 037 020572 1994 2547
06 037 020573 2860 3630
06 037 020574 2901 3740
06 037 020575 1634 2090
06 037 020576 4130 5279
06 037 020577 2460 3185
06 037 020578 4029 5177
06 037 020579 4899 6251
06 037 020580 2065 2688
06 037 020581 3758 4861
06 037 020582 2294 2968
06 037 020583 2867 3728
06 037 020584 3577 4568
06 037 020585 5188 6628
06 037 020586 3637 4637
06 037 020587 1629 2077
06 037 020588 1295 1668
06 037 020589 3241 4162
06 037 020590 4216 5427
06 037 020591 3476 4485
06 037 020592 1977 2529
06 037 020593 2880 3703
06 037 020594 4376 5608
06 037 020595 3790 4848
06 037 020596 3490 4526
06 037 020597 3423 4374
06 037 020598 1682 2170
06 037 020599 3073 3918
06 037 020600 1178 1492
06 037 020601 2674 3379
06 037 020602 2552 3292
06 037 020603 3851 5010
06 037 020604 2106 2754
06 037 020605 6152 7903
06 037 020606 4053 5174
06 037 020607 4193 5367
06 037 020608 3286 4225
06 037 020609 3069 3899
06 037 020610 3469 4470
06 037 020611 4039 5175
06 037 020612 2713 3514
06 037 020613 2243 2925
06 037 020614 4110 5297
06 037 020615 2192 2832
06 037 020616 3211 4086
06 037 020617 3451 4404
06 037 020618 3079 3959
06 037 020619 3330 4254
06 037 020620 2999 3882
06 037 020621 2347 3023
06 037 020622 2030 2623
06 037 020623 2761 3530
06 037 020624 2661 3432
06 037 020625 2518 3190
06 037 020626 2986 3874
06 037 020627 2370 3046
06 037 020628 3422 4399
06 037 020629 5394 6919
06 037 020630 3214 4106
06 037 020631 3535 4514
06 037 020632 3599 4626
06 037 020633 3265 4186
06 037 020634 2709 3430
06 037 020635 2334 2942
06 037 020636 3746 4783
06 037 020637 2832 3616
06 037 020638 2986 3798
06 037 020639 2384 3069
06 037 020640 4005 5136
06 037 020641 4412 5707
06 037 020642 6484 8334
06 037 020643 3374 4348
06 037 030000 1855 2372
06 037 030001 2848 3632
06 037 030002 2522 3230
06 037 030003 2381 3058
06 037 030004 1596 2056
06 037 030005 3162 4072
06 037 030006 5164 6669
06 037 030007 796 1031
06 037 030008 3097 3950
06 037 030009 3496 4469
06 037 030010 4054 5189
06 037 030011 2551 3244
06 037 030012 2869 3688
06 037 030013 5525 7085
06 037 030014 3138 4064
06 037 030015 5276 6769
06 037 030016 3365 4326
06 037 030017 3049 3887
06 037 030018 3597 4621
06 037 030019 3279 4231
06 037 030020 2351 3030
06 037 030021 2403 3141
06 037 030022 2846 3626
06 037 030023 3293 4222
06 037 030024 3398 4405
06 037 030025 3764 4797
06 037 030026 2102 2702
06 037 030027 2790 3576
06 037 030028 2375 3082
06 037 030029 2093 2740
06 037 030030 2582 3331
06 037 030031 3248 4159
06 037 030032 3699 4755
06 037 030033 4459 5737
06 037 030034 1270 1613
06 037 030035 3047 3929
06 037 030036 3581 4572
06 037 030037 3941 5029
06 037 030038 4739 6060
06 037 030039 3315 4228
06 037 030040 3884 4948
06 037 030041 4050 5134
06 037 030042 1703 2207
06 037 030043 3421 4388
06 037 030044 3660 4663
06 037 030045 5495 7078
06 037 030046 3783 4889
06 037 030047 5324 6884
06 037 030048 4260 5487
06 037 030049 2956 3813
06 037 030050 2281 2929
06 037 030051 3210 4149
06 037 030052 3602 4596
06 037 030053 3280 4230
06 037 030054 3986 5062
06 037 030055 3482 4479
06 037 030056 4440 5673
06 037 030057 4561 5839
06 037 030058 2129 2681
06 037 030059 3112 3944
06 037 030060 2657 3420
06 037 030061 3176 4056
06 037 030062 1678 2170
06 037 030063 2370 3030
06 037 030064 2049 2635
06 037 030065 4683 6009
06 037 030066 2260 2921
06 037 030067 3003 3827
06 037 030068 3153 4007
06 037 030069 3835 4887
06 037 030070 3782 4860
06 037 030071 2833 3662
06 037 030072 3139 4031
06 037 030073 1729 2196
06 037 030074 4326 5591
06 037 030075 4037 5161
06 037 030076 4334 5521
06 037 030077 2705 3482
06 037 030078 1896 2406
06 037 030079 3299 4218
06 037 030080 4171 5359
06 037 030081 3713 4766
06 037 030082 3903 5016
06 037 030083 4590 5868
06 037 030084 3395 4306
06 037 030085 1623 2080
06 037 030086 5791 7423
06 037 030087 4210 5420
06 037 030088 3157 4090
06 037 030089 1877 2435
06 037 030090 3434 4366
06 037 030091 780 1013
06 037 030092 3858 4924
06 037 030093 2499 3194
06 037 030094 3801 4815
06 037 030095 4017 5151
06 037 030096 5376 6903
06 037 030097 3367 4294
06 037 030098 1725 2199
06 037 030099 4631 5921
06 037 030100 4364 5615
06 037 030101 3437 4374
06 037 030102 4957 6362
06 037 030103 3124 3977
06 037 030104 3893 4996
06 037 030105 3710 4772
06 037 030106 2541 3256
06 037 030107 2760 3601
06 037 030108 3759 4843
06 037 030109 6001 7722
06 037 030110 4663 5986
06 037 030111 5502 7011
06 037 030112 1286 1636
06 037 030113 4022 5185
06 037 030114 900 1178
06 037 030115 4041 5140
06 037 030116 5394 6938
06 037 030117 1022 1293
06 037 030118 2770 3531
06 037 030119 2523 3230
06 037 030120 2987 3828
06 037 030121 2451 3133
06 037 030122 3111 4024
06 037 030123 3271 4205
06 037 030124 1349 1740
06 037 030125 1111 1459
06 037 030126 3205 4104
06 037 030127 2599 3294
06 037 030128 2528 3180
06 037 030129 1675 2145
06 037 030130 4104 5231
06 037 030131 4004 5107
06 037 030132 1969 2535
06 037 030133 2581 3330
06 037 030134 2617 3334
06 037 030135 1701 2161
06 037 030136 3428 4396
06 037 030137 4253 5485
06 037 030138 3976 5095
06 037 030139 4991 6420
06 037 030140 3467 4466
06 037 030141 4675 5965
06 037 030142 2575 3255
06 037 030143 1971 2496
06 037 030144 3513 4483
06 037 030145 4831 6193
06 037 030146 2808 3606
06 037 030147 5553 7121
06 037 030148 4226 5434
06 037 030149 2581 3308
06 037 030150 3699 4729
06 037 030151 3800 4862
06 037 030152 3691 4697
06 037 030153 4621 5937
06 037 030154 2972 3822
06 037 030155 1640 2188
06 037 030156 2513 3239
06 037 030157 3723 4771
06 037 030158 3297 4249
06 037 030159 3319 4267
06 037 030160 2975 3818
06 037 030161 2676 3429
06 037 030162 3097 3929
06 037 030163 4890 6268
06 037 030164 1876 2446
06 037 030165 3790 4829
06 037 030166 2974 3788
06 037 030167 3911 5036
06 037 030168 3484 4444
06 037 030169 1662 2099
06 037 030170 2663 3427
06 037 030171 2882 3675
06 037 030172 3060 3936
06 037 030173 982 1219
06 037 030174 4916 6318
06 037 030175 3881 4993
06 037 030176 3188 4071
06 037 030177 3155 4011
06 037 030178 3295 4218
06 037 030179 5450 6968
06 037 030180 4720 6089
06 037 030181 2946 3797
06 037 030182 3426 4407
06 037 030183 3260 4180
06 037 030184 3693 4781
06 037 030185 2296 2936
06 037 030186 3510 4500
06 037 030187 4153 5339
06 037 030188 3793 4842
06 037 030189 3037 3820
06 037 030190 3973 5113
06 037 030191 3411 4350
06 037 030192 4696 6015
06 037 030193 3721 4780
06 037 030194 4344 5574
06 037 030195 4647 5955
06 037 030196 752 1002
06 037 030197 3224 4124
06 037 030198 1429 1838
06 037 030199 2954 3808
06 037 030200 2270 2919
06 037 030201 1498 1927
06 037 030202 2912 3723
06 037 030203 5147 6596
06 037 030204 3881 4955
06 037 030205 3486 4470
06 037 030206 4408 5672
06 037 030207 1855 2324
06 037 030208 3904 4977
06 037 030209 3345 4309
06 037 030210 1852 2417
06 037 030211 3573 4579
06 037 030212 2533 3248
06 037 030213 4749 6083
06 037 030214 4457 5719
06 037 030215 3157 4048
06 037 030216 2425 3110
06 037 030217 2545 3260
06 037 030218 5246 6716
06 037 030219 2390 3072
06 037 030220 3532 4521
06 037 030221 2316 2973
06 037 030222 1609 2052
06 037 030223 2388 3009
06 037 030224 3326 4242
06 037 030225 4315 5542
06 037 030226 2809 3586
06 037 030227 2377 3050
06 037 030228 3029 3885
06 037 030229 3446 4399
06 037 030230 2326 2983
06 037 030231 2952 3816
06 037 030232 3422 4387
06 037 030233 3774 4839
06 037 030234 2805 3598
06 037 030235 1232 1533
06 037 030236 2543 3258
06 037 030237 3481 4462
06 037 030238 4223 5411
06 037 030239 2334 2996
06 037 030240 2371 3063
06 037 030241 4560 5808
06 037 030242 3528 4534
06 037 030243 4277 5469
06 037 030244 2031 2562
06 037 030245 1598 2049
06 037 030246 3976 5092
06 037 030247 1890 2454
06 037 030248 4317 5549
06 037 030249 3715 4768
06 037 030250 3602 4623
06 037 030251 2688 3426
06 037 030252 2744 3529
06 037 030253 2680 3404
06 037 030254 4549 5822
06 037 030255 5283 6780
06 037 030256 3059 3884
06 037 030257 4463 5744
06 037 030258 4315 5548
06 037 030259 2884 3726
06 037 030260 3641 4710
06 037 030261 3001 3807
06 037 030262 2659 3424
06 037 030263 3576 4590
06 037 030264 3926 5055
06 037 030265 3256 4174
06 037 030266 4837 6186
06 037 030267 3162 4097
06 037 030268 2282 2903
06 037 030269 3295 4237
06 037 030270 3299 4225
06 037 030271 3365 4270
06 037 030272 2600 3381
06 037 030273 2700 3520
06 037 030274 1964 2554
06 037 030275 1457 1878
06 037 030276 3011 3889
06 037 030277 3284 4183
06 037 030278 4169 5295
06 037 030279 3961 5051
06 037 030280 3161 4127
06 037 030281 2388 3046
06 037 030282 4223 5443
06 037 030283 4168 5332
06 037 030284 1810 2326
06 037 030285 3731 4808
06 037 030286 977 1210
06 037 030287 4148 5322
06 037 030288 4303 5475
06 037 030289 3688 4713
06 037 030290 3535 4508
06 037 030291 3620 4644
06 037 030292 1923 2497
06 037 030293 2703 3466
06 037 030294 1631 2074
06 037 030295 2859 3671
06 037 030296 3299 4253
06 037 030297 2134 2705
06 037 030298 5855 7600
06 037 030299 2474 3149
06 037 030300 3285 4178
06 037 030301 1683 2147
06 037 030302 4272 5464
06 037 030303 3162 4075
06 037 030304 1723 2165
06 037 030305 3130 4043
06 037 030306 4213 5418
06 037 030307 3488 4469
06 037 030308 2512 3237
06 037 030309 4047 5181
06 037 030310 2356 3089
06 037 030311 2831 3602
06 037 030312 2421 3114
06 037 030313 4178 5334
06 037 030314 3009 3878
06 037 030315 2910 3745
06 037 030316 3284 4149
06 037 030317 3384 4324
06 037 030318 4009 5119
06 037 030319 3012 3885
06 037 030320 2882 3687
06 037 030321 1846 2378
06 037 030322 2367 3018
06 037 030323 3750 4803
06 037 030324 4676 5994
06 037 030325 2156 2814
06 037 030326 3764 4824
06 037 030327 4666 5999
06 037 030328 2944 3747
06 037 030329 3656 4693
06 037 030330 3115 4036
06 037 030331 3074 3944
06 037 030332 3582 4606
06 037 030333 4660 5965
06 037 030334 2541 3276
06 037 030335 3464 4441
06 037 030336 4934 6342
06 037 030337 1007 1298
06 037 030338 3830 4946
06 037 030339 1632 2099
06 037 030340 1638 2152
06 037 030341 3961 5073
06 037 030342 1724 2210
06 037 030343 2977 3819
06 037 030344 2149 2748
06 037 030345 3310 4195
06 037 030346 2424 3125
06 037 030347 3235 4149
06 037 030348 1940 2563
06 037 030349 3959 5082
06 037 030350 3691 4747
06 037 030351 2995 3874
06 037 030352 1945 2487
06 037 030353 2629 3397
06 037 030354 2235 2863
06 037 030355 2818 3585
06 037 030356 2376 3065
06 037 030357 2265 2915
06 037 030358 3790 4846
06 037 030359 4011 5199
06 037 030360 1493 1958
06 037 030361 2773 3579
06 037 030362 3903 5050
06 037 030363 2319 2985
06 037 030364 1594 2095
06 037 030365 2871 3668
06 037 030366 3357 4314
06 037 030367 5147 6537
06 037 030368 1875 2401
06 037 030369 3309 4229
06 037 030370 2644 3343
06 037 030371 3084 3976
06 037 030372 3810 4886
06 037 040000 2915 3701
06 037 040001 1916 2409
06 037 040002 2579 3243
06 037 040003 1617 2055
06 037 040004 1183 1548
06 037 040005 4095 5245
06 037 040006 5727 7329
06 037 040007 3988 5115
06 037 040008 2032 2601
06 037 040009 4382 5653
06 037 040010 2791 3559
06 037 040011 3485 4448
06 037 040012 3055 3897
06 037 040013 4798 6161
06 037 040014 3745 4829
06 037 040015 1330 1669
06 037 040016 2900 3738
06 037 040017 2826 3542
06 037 040018 3919 5053
06 037 040019 3124 4028
06 037 040020 2822 3581
06 037 040021 2322 2978
06 037 040022 3172 4068
06 037 040023 2349 3009
06 037 040024 3386 4364
06 037 040025 2610 3334
06 037 040026 1633 2110
06 037 040027 3742 4813
06 037 040028 3828 4947
06 037 040029 3238 4153
06 037 040030 3665 4701
06 037 040031 5421 6925
06 037 040032 2032 2631
06 037 040033 3913 5008
06 037 040034 3200 4065
06 037 040035 3859 4970
06 037 040036 4080 5200
06 037 040037 4110 5300
06 037 040038 4422 5677
06 037 040039 3662 4704
06 037 040040 2950 3739
06 037 040041 2890 3677
06 037 040042 2586 3304
06 037 040043 4292 5467
06 037 040044 2018 2605
06 037 040045 2673 3413
06 037 040046 4370 5578
06 037 040047 3010 3858
06 037 040048 4980 6393
06 037 040049 1914 2455
06 037 040050 2860 3648
06 037 040051 3686 4757
06 037 040052 3488 4494
06 037 040053 1457 1848
06 037 040054 1965 2574
06 037 040055 3780 4860
06 037 040056 4389 5676
06 037 040057 2756 3484
06 037 040058 1927 2450
06 037 040059 1918 2458
06 037 040060 3700 4742
06 037 040061 3189 4064
06 037 040062 2526 3240
06 037 040063 3767 4795
06 037 040064 3135 4027
06 037 040065 4759 6144
06 037 040066 2343 2980
06 037 040067 3648 4708
06 037 040068 3214 4196
06 037 040069 852 1061
06 037 040070 5019 6453
06 037 040071 3613 4627
06 037 040072 2720 3511
06 037 040073 2468 3181
06 037 040074 2868 3668
06 037 040075 4272 5536
06 037 040076 4207 5410
06 037 040077 2374 3030
06 037 040078 3727 4751
06 037 040079 1114 1427
06 037 040080 3153 4054
06 037 040081 4631 5935
06 037 040082 3352 4290
06 037 040083 1629 2092
06 037 040084 915 1186
06 037 040085 2509 3187
06 037 040086 3602 4614
06 037 040087 1201 1481
06 037 040088 1684 2177
06 037 040089 2380 3088
06 037 040090 3885 4967
06 037 040091 3755 4832
06 037 040092 3626 4661
06 037 040093 2938 3759
06 037 040094 1277 1650
06 037 040095 4386 5635
06 037 040096 4786 6147
06 037 040097 1646 2089
06 037 040098 1573 2009
06 037 040099 2370 3065
06 037 040100 3769 4898
06 037 040101 2246 2863
06 037 040102 3861 4925
06 037 040103 3164 4045
06 037 040104 3317 4239
06 037 040105 3173 4078
06 037 040106 1003 1292
06 037 040107 3180 4116
06 037 040108 4104 5268
06 037 050000 5950 7625
06 037 050001 3322 4318
06 037 050002 4201 5349
06 037 050003 3209 4088
06 037 050004 3295 4269
06 037 050005 2691 3436
06 037 050006 4094 5229
06 037 050007 2070 2633
06 037 050008 3443 4410
06 037 050009 3403 4386
06 037 050010 4095 5260
06 037 050011 2150 2768
06 037 050012 3753 4844
06 037 050013 3984 5076
06 037 050014 3961 5071
06 037 050015 3990 5090
06 037 050016 1538 2033
06 037 050017 4030 5176
06 037 050018 2998 3842
06 037 050019 1515 2018
06 037 050020 5312 6834
06 037 050021 3273 4207
06 037 050022 3494 4467
06 037 050023 4733 6094
06 037 050024 3413 4379
06 037 050025 4606 5900
06 037 050026 1792 2310
06 037 050027 4318 5545
06 037 050028 1575 2033
06 037 050029 3373 4386
06 037 050030 2195 2775
06 037 050031 4458 5741
06 037 050032 1458 1912
06 037 050033 4876 6248
06 037 050034 1710 2208
06 037 050035 977 1259
06 037 050036 4965 6375
06 037 050037 4129 5254
06 037 050038 5258 6687
06 037 050039 2615 3372
06 037 050040 4459 5705
06 037 050041 4255 5504
06 037 050042 4781 6124
06 037 050043 2524 3222
06 037 050044 2381 3058
06 037 050045 3434 4405
06 037 050046 4167 5391
06 037 050047 3922 5025
06 037 050048 2372 3005
06 037 050049 1916 2455
06 037 050050 963 1228
06 037 050051 4837 6221
06 037 050052 1763 2210
06 037 050053 3358 4297
06 037 050054 4840 6177
06 037 050055 2824 3620
06 037 050056 3332 4276
06 037 050057 3628 4716
06 037 050058 4391 5628
06 037 050059 4252 5423
06 037 050060 3626 4658
06 037 050061 1842 2388
06 037 050062 4022 5169
06 037 050063 3378 4311
06 037 050064 2018 2600
06 037 050065 3451 4401
06 037 050066 2027 2561
06 037 050067 4000 5073
06 037 050068 2534 3202
06 037 050069 1318 1739
06 037 050070 2300 2968
06 037 050071 3199 4101
06 037 050072 4561 5882
06 037 050073 1244 1592
06 037 050074 4443 5692
06 037 050075 4597 5887
06 037 050076 2226 2816
06 037 050077 1785 2361
06 037 050078 2891 3730
06 037 050079 4032 5111
06 037 050080 5481 7042
06 037 050081 1655 2126
06 037 050082 3823 4932
06 037 050083 2426 3073
06 037 050084 3004 3817
06 037 050085 2115 2722
06 037 050086 3134 3976
06 037 050087 3175 4048
06 037 050088 1978 2523
06 037 050089 2419 3173
06 037 050090 4456 5696
06 037 050091 1006 1304
06 037 050092 2638 3386
06 037 050093 2408 3106
06 037 050094 5612 7147
06 037 050095 2057 2623
06 037 050096 4265 5444
06 037 050097 3847 4949
06 037 050098 5626 7201
06 037 050099 2923 3756
06 037 050100 941 1215
06 037 050101 3184 4093
06 037 050102 1144 1476
06 037 050103 2378 3073
06 037 050104 3196 4110
06 037 050105 5478 7027
06 037 050106 3988 5087
06 037 050107 2229 2835
06 037 050108 1838 2379
06 037 050109 2562 3275
06 037 050110 3957 5093
06 037 050111 1807 2290
06 037 050112 2115 2700
06 037 050113 4012 5100
06 037 050114 3560 4554
06 037 050115 3153 4024
06 037 050116 3012 3795
06 037 050117 2082 2655
06 037 050118 3632 4661
06 037 050119 2492 3210
06 037 050120 3624 4607
06 037 050121 4667 5976
06 037 050122 4207 5365
06 037 050123 1920 2425
06 037 050124 3210 4097
06 037 050125 3734 4793
06 037 050126 1122 1443
06 037 050127 1199 1564
06 037 050128 3093 3976
06 037 050129 3163 4057
06 037 050130 3968 5072
06 037 050131 2051 2618
06 037 050132 4664 5985
06 037 050133 2244 2884
06 037 050134 5629 7208
06 037 050135 2573 3300
06 037 050136 4474 5763
06 037 050137 2052 2629
06 037 050138 2285 2862
06 037 050139 3371 4322
06 037 050140 2924 3725
06 037 050141 2232 2859
06 037 050142 5148 6588
06 037 050143 3774 4858
06 037 050144 3907 4999
06 037 050145 2567 3292
06 037 050146 4648 5992
06 037 050147 1486 1905
06 037 050148 2899 3681
06 037 050149 3308 4232
06 037 050150 3840 4924
06 037 050151 1228 1557
06 037 050152 3902 5038
06 037 050153 4144 5243
06 037 050154 1986 2533
06 037 050155 4261 5461
06 037 050156 4244 5461
06 037 050157 3127 4003
06 037 050158 3970 5093
06 037 050159 2473 3111
06 037 050160 2929 3775
06 037 050161 4379 5583
06 037 050162 3944 5015
06 037 050163 3866 4955
06 037 050164 3769 4829
06 037 050165 1107 1399
06 037 050166 2167 2783
06 037 050167 4829 6164
06 037 050168 2724 3475
06 037 050169 1966 2483
06 037 050170 780 1034
06 037 050171 2990 3830
06 037 050172 3781 4866
06 037 050173 3178 4038
06 037 050174 2693 3467
06 037 050175 2445 3148
06 037 050176 3070 3901
06 037 050177 4658 6016
06 037 050178 1907 2431
06 037 050179 5310 6834
06 037 050180 2651 3385
06 037 050181 2886 3638
06 037 050182 4445 5696
06 037 050183 3750 4813
06 037 050184 2174 2823
06 037 050185 4520 5805
06 037 050186 1964 2502
06 037 050187 3934 4986
06 037 050188 5815 7481
06 037 050189 2257 2876
06 037 050190 3785 4849
06 037 050191 2373 3024
06 037 050192 1581 2046
06 037 050193 1421 1825
06 037 050194 3044 3869
06 037 050195 4545 5768
06 037 050196 3388 4353
06 037 050197 1324 1733
06 037 050198 3738 4772
06 037 050199 4299 5484
06 037 050200 4001 5196
06 037 050201 3943 5068
06 037 050202 4636 5927
06 037 050203 4399 5663
06 037 050204 4854 6217
06 037 050205 2824 3577
06 037 050206 4555 5814
06 037 050207 2661 3396
06 037 050208 1769 2224
06 037 050209 2479 3123
06 037 050210 3282 4236
06 037 050211 3258 4149
06 037 050212 3085 3981
06 037 050213 4947 6368
06 037 050214 1184 1521
06 037 050215 1655 2153
06 037 050216 5097 6538
06 037 050217 4513 5826
06 037 050218 3429 4352
06 037 050219 2242 2848
06 037 050220 4449 5721
06 037 050221 3294 4209
06 037 050222 4394 5628
06 037 050223 1080 1424
06 037 050224 2145 2730
06 037 050225 3649 4691
06 037 050226 3350 4296
06 037 050227 1228 1552
06 037 050228 3985 5053
06 037 050229 2995 3833
06 037 050230 1594 2025
06 037 050231 3744 4763
06 037 050232 5910 7570
06 037 050233 2216 2822
06 037 050234 3336 4238
06 037 050235 2393 3048
06 037 050236 3985 5087
06 037 050237 3241 4201
06 037 050238 1778 2269
06 037 050239 2961 3788
06 037 050240 1232 1570
06 037 050241 3082 3976
06 037 050242 2188 2801
06 037 050243 3387 4330
06 037 050244 4162 5311
06 037 050245 3239 4193
06 037 050246 3312 4241
06 037 050247 2884 3728
06 037 050248 3209 4118
06 037 050249 1333 1689
06 037 050250 1772 2280
06 037 050251 3139 4005
06 037 050252 4244 5398
06 037 050253 2856 3645
06 037 050254 2170 2766
06 037 050255 1857 2425
06 037 050256 2127 2686
06 037 050257 4656 5943
06 037 050258 2588 3308
06 037 050259 4400 5670
06 037 050260 2998 3818
06 037 050261 4179 5380
06 037 050262 3015 3857
06 037 050263 4336 5565
06 037 050264 3334 4268
06 037 050265 1308 1722
06 037 050266 5629 7221
06 037 050267 5067 6490
06 037 050268 4513 5768
06 037 050269 4701 6057
06 037 050270 636 798
06 037 050271 3710 4746
06 037 050272 4906 6330
06 037 050273 4303 5559
06 037 050274 2413 3135
06 037 050275 2220 2823
06 037 050276 5961 7654
06 037 050277 2139 2799
06 037 050278 3239 4167
06 037 050279 2744 3491
06 037 050280 4066 5184
06 037 050281 3180 4162
06 037 050282 2353 3034
06 037 050283 4555 5811
06 037 050284 1090 1425
06 037 050285 5846 7465
06 037 050286 2293 2954
06 037 050287 1218 1554
06 037 050288 1482 1916
06 037 050289 3685 4722
06 037 050290 2697 3449
06 037 050291 4379 5653
06 037 050292 3244 4120
06 037 050293 4324 5561
06 037 050294 2405 3054
06 037 050295 4740 6064
06 037 050296 3873 4964
06 037 050297 918 1171
06 037 050298 4015 5152
06 037 050299 2672 3411
06 037 050300 2378 3099
06 037 050301 3387 4307
06 037 050302 2419 3137
06 037 050303 1949 2497
06 037 050304 4133 5300
06 037 050305 3101 3990
06 037 050306 4034 5188
06 037 050307 4181 5337
06 037 050308 2546 3310
06 037 050309 1964 2495
06 037 050310 3290 4250
06 037 050311 2421 3115
06 037 050312 4426 5678
06 037 050313 4759 6101
06 037 050314 3611 4619
06 037 050315 4519 5758
06 037 050316 2716 3518
06 037 050317 3300 4214
06 037 050318 4217 5385
06 037 050319 2233 2841
06 037 050320 3540 4551
06 037 050321 3742 4791
06 037 050322 4309 5511
06 037 050323 4511 5812
06 037 050324 3698 4754
06 037 050325 3861 4945
06 037 050326 3844 4925
06 037 050327 3181 4060
06 037 050328 1925 2490
06 037 050329 3228 4152
06 037 050330 4190 5373
06 037 050331 2378 3046
06 037 050332 1981 2541
06 037 050333 4210 5375
06 037 050334 3611 4632
06 037 050335 3188 4046
06 037 050336 2769 3550
06 037 050337 4097 5266
06 037 050338 5705 7256
06 037 050339 2572 3280
06 037 050340 5450 6986
06 037 050341 2948 3790
06 037 050342 2292 2945
06 037 050343 2905 3724
06 037 050344 2893 3695
06 037 050345 2333 2987
06 037 050346 2796 3547
06 037 050347 3441 4357
06 037 050348 3262 4224
06 037 050349 2327 2956
06 037 050350 2317 2972
06 037 050351 2195 2858
06 037 050352 2559 3330
06 037 050353 1529 2006
06 037 050354 6611 8535
06 037 050355 2799 3584
06 037 050356 2675 3392
06 037 050357 4512 5788
06 037 050358 3607 4600
06 037 050359 3000 3821
06 037 050360 1263 1622
06 037 050361 4145 5311
06 037 050362 2557 3291
06 037 050363 2983 3787
06 037 050364 3342 4297
06 037 050365 4162 5335
06 037 050366 4223 5420
06 037 050367 3491 4461
06 037 050368 3206 4105
06 037 050369 2950 3780
06 037 050370 3686 4696
06 037 050371 1000 1274
06 037 050372 649 833
06 037 050373 5352 6852
06 037 050374 906 1173
06 037 050375 4601 5876
06 037 050376 4297 5508
06 037 050377 3750 4817
06 037 050378 2207 2836
06 037 050379 3057 3949
06 037 050380 1941 2528
06 037 050381 2556 3296
06 037 050382 1919 2475
06 037 050383 2375 3060
06 037 050384 4287 5530
06 037 050385 2590 3321
06 037 050386 5708 7357
06 037 050387 4485 5748
06 037 050388 1136 1436
06 037 050389 2738 3505
06 037 050390 3712 4729
06 037 050391 4264 5495
06 037 050392 3796 4854
06 037 050393 1954 2493
06 037 050394 3754 4809
06 037 050395 1895 2444
06 037 050396 4345 5590
06 037 050397 1952 2565
06 037 050398 3126 4005
06 037 050399 1959 2488
06 037 050400 5394 6935
06 037 050401 4960 6347
06 037 050402 4925 6306
06 037 050403 2018 2620
06 037 050404 2509 3219
06 037 050405 2721 3507
06 037 050406 2515 3207
06 037 050407 2451 3141
06 037 050408 1337 1722
06 037 050409 963 1172
06 037 050410 3738 4775
06 037 050411 4020 5162
06 037 050412 2113 2711
06 037 050413 1135 1481
06 037 050414 3087 3964
06 037 050415 6234 7925
06 037 050416 2726 3463
06 037 050417 6275 8032
06 037 050418 4218 5389
06 037 050419 2553 3284
06 037 050420 4822 6170
06 037 050421 4357 5614
06 037 050422 2075 2631
06 037 050423 2034 2620
06 037 050424 2476 3179
06 037 050425 3576 4586
06 037 050426 2776 3542
06 037 050427 2393 3098
06 037 050428 3710 4734
06 037 050429 1607 2054
06 037 050430 3138 3996
06 037 050431 3370 4357
06 037 050432 4161 5331
06 037 050433 3051 3919
06 037 050434 840 1083
06 037 050435 2525 3235
06 037 050436 1350 1752
06 037 050437 3299 4219
06 037 050438 4084 5221
06 037 050439 2469 3148
06 037 050440 3220 4128
06 037 050441 4534 5863
06 037 050442 1285 1643
06 037 050443 4109 5282
06 037 050444 2411 3105
06 037 050445 3322 4236
06 037 050446 1354 1758
06 037 050447 2154 2717
06 037 050448 5112 6574
06 037 050449 3660 4684
06 037 050450 4121 5228
06 037 050451 2135 2716
06 037 050452 782 1030
06 037 050453 3170 4043
06 037 050454 2690 3445
06 037 050455 2010 2584
06 037 050456 4884 6259
06 037 050457 4795 6150
06 037 050458 3089 3989
06 037 050459 5030 6476
06 037 050460 4025 5199
06 037 050461 2348 3048
06 037 050462 2330 3010
06 037 050463 2185 2789
06 037 050464 4091 5268
06 037 050465 1940 2513
06 037 050466 2471 3189
06 037 050467 4901 6301
06 037 050468 4834 6153
06 037 050469 3697 4742
06 037 050470 3515 4500
06 037 050471 4178 5383
06 037 050472 2233 2857
06 037 050473 3510 4472
06 037 050474 1440 1901
06 037 050475 1651 2133
06 037 050476 3413 4399
06 037 050477 4776 6145
06 037 050478 3377 4334
06 037 050479 7094 9121
06 037 050480 3112 3996
06 037 050481 4165 5349
06 037 050482 2099 2693
06 037 050483 4066 5202
06 037 050484 2772 3545
06 037 050485 1769 2245
06 037 050486 3905 5012
06 037 050487 5118 6567
06 037 050488 4647 5947
06 037 050489 2837 3656
06 037 050490 523 707
06 037 050491 3540 4526
06 037 050492 4533 5824
06 037 050493 3337 4275
06 037 050494 3464 4445
06 037 050495 3101 4039
06 037 050496 3548 4532
06 037 050497 2034 2642
06 037 050498 4056 5225
06 037 050499 3690 4779
06 037 050500 3688 4742
06 037 050501 2324 3013
06 037 050502 4607 5916
06 037 050503 2491 3198
06 037 050504 4951 6324
06 037 050505 3758 4834
06 037 050506 5611 7176
06 037 050507 3707 4742
06 037 050508 5615 7204
06 037 050509 4178 5367
06 037 050510 2344 2963
06 037 050511 5971 7710
06 037 050512 3285 4218
06 037 050513 1880 2426
06 037 050514 3515 4483
06 037 050515 3897 4953
06 037 050516 3759 4830
06 037 050517 2927 3782
06 037 050518 1211 1534
06 037 050519 1552 2003
06 037 050520 3562 4554
06 037 050521 4018 5154
06 037 050522 3469 4479
06 037 050523 3376 4345
06 037 050524 3525 4496
06 037 050525 4157 5275
06 037 050526 4433 5719
06 037 050527 4967 6372
06 037 050528 3068 3944
06 037 050529 3046 3917
06 037 050530 1840 2348
06 037 050531 4253 5512
06 037 050532 2688 3465
06 037 050533 4687 6007
06 037 050534 5479 7055
06 037 050535 2520 3235
06 037 050536 3893 4989
06 037 050537 3490 4466
06 037 050538 3193 4056
06 037 050539 2470 3169
06 037 050540 3802 4856
06 037 050541 4062 5155
06 037 050542 2766 3576
06 037 050543 2023 2636
06 037 050544 2655 3415
06 037 050545 2970 3790
06 037 050546 3067 3915
06 037 050547 5323 6789
06 037 050548 3620 4639
06 037 050549 4298 5558
06 037 050550 1523 1968
06 037 050551 2500 3248
06 037 050552 2460 3207
06 037 050553 2727 3535
06 037 050554 2021 2596
06 037 050555 1602 2060
06 037 050556 4214 5439
06 037 050557 3124 4015
06 037 050558 2509 3232
06 037 050559 1606 2094
06 037 050560 4015 5167
06 037 050561 2555 3261
06 037 050562 2921 3758
06 037 050563 3473 4432
06 037 050564 1830 2352
06 037 050565 4383 5636
06 037 050566 2210 2823
06 037 050567 3264 4176
06 037 050568 3466 4428
06 037 050569 4134 5279
06 037 050570 3234 4171
06 037 050571 2885 3663
06 037 050572 2889 3710
06 037 050573 5617 7217
06 037 050574 3708 4737
06 037 050575 2459 3178
06 037 050576 5009 6429
06 037 050577 3173 4073
06 037 050578 2961 3754
06 037 050579 2977 3817
06 037 050580 3484 4436
06 037 050581 4735 6076
06 037 050582 3236 4134
06 037 050583 4065 5225
06 037 050584 1366 1775
06 037 050585 1935 2509
06 037 050586 2336 3002
06 037 050587 2981 3813
06 037 050588 1808 2322
06 037 050589 4807 6162
06 037 050590 4098 5301
06 037 050591 4346 5546
06 037 050592 2782 3571
06 037 060000 2535 3231
06 037 060001 1157 1491
06 037 060002 992 1231
06 037 060003 5105 6560
06 037 060004 5057 6476
06 037 060005 4925 6337
06 037 060006 3471 4428
06 037 060007 3051 3917
06 037 060008 4597 5918
06 037 060009 2860 3681
06 037 060010 2302 2961
06 037 060011 4388 5618
06 037 060012 2766 3533
06 037 060013 3691 4656
06 037 060014 1129 1433
06 037 060015 4556 5832
06 037 060016 3893 5015
06 037 060017 3735 4803
06 037 060018 1818 2299
06 037 060019 5016 6445
06 037 060020 2458 3144
06 037 060021 2607 3394
06 037 060022 3359 4292
06 037 060023 2370 3033
06 037 060024 2789 3567
06 037 060025 4225 5388
06 037 060026 3132 3987
06 037 060027 1432 1817
06 037 060028 3440 4368
06 037 060029 3300 4236
06 037 060030 4332 5551
06 037 060031 2388 3075
06 037 060032 4206 5406
06 037 060033 3108 3978
06 037 060034 2777 3532
06 037 060035 5691 7248
06 037 060036 1831 2331
06 037 060037 2425 3102
06 037 060038 3210 4179
06 037 060039 1860 2408
06 037 060040 3136 4045
06 037 060041 1664 2142
06 037 060042 1561 1980
06 037 060043 3210 4110
06 037 060044 3964 5114
06 037 060045 1377 1721
06 037 060046 3534 4527
06 037 060047 2538 3230
06 037 060048 4642 5941
06 037 060049 6605 8484
06 037 060050 985 1278
06 037 060051 3232 4139
06 037 060052 1350 1699
06 037 060053 4294 5513
06 037 060054 4014 5102
06 037 060055 2260 2866
06 037 060056 3459 4419
06 037 060057 1089 1393
06 037 060058 3114 4003
06 037 060059 1745 2214
06 037 060060 2328 2947
06 037 060061 3501 4539
06 037 060062 5775 7433
06 037 060063 4507 5812
06 037 070000 798 1021
06 037 070001 4725 6031
06 037 070002 2379 3068
06 037 070003 3280 4224
06 037 070004 4026 5177
06 037 070005 4200 5401
06 037 070006 2669 3455
06 037 070007 2880 3680
06 037 070008 2659 3390
06 037 070009 2892 3745
06 037 070010 4598 5936
06 037 070011 2569 3253
06 037 070012 3059 3876
06 037 070013 3012 3838
06 037 070014 3793 4852
06 037 070015 2895 3726
06 037 070016 2538 3303
06 037 070017 1872 2380
06 037 070018 5506 7068
06 037 070019 2792 3578
06 037 070020 3299 4206
06 037 070021 2070 2701
06 037 070022 3757 4817
06 037 070023 2389 3037
06 037 070024 2683 3459
06 037 070025 3572 4538
06 037 070026 5917 7560
06 037 070027 3950 5059
06 037 070028 4032 5140
06 037 070029 2965 3791
06 037 070030 1804 2302
06 037 070031 3110 3984
06 037 070032 4764 6164
06 037 070033 2740 3523
06 037 070034 4208 5404
06 037 070035 2833 3632
06 037 070036 1499 1917
06 037 070037 4055 5165
06 037 070038 2712 3480
06 037 070039 4262 5494
06 037 070040 4993 6412
06 037 070041 4564 5886
06 037 070042 4725 6026
06 037 070043 3284 4237
06 037 070044 4109 5211
06 037 070045 4093 5240
06 037 070046 3797 4820
06 037 070047 3203 4137
06 037 070048 3482 4472
06 037 070049 2360 3029
06 037 070050 2822 3638
06 037 070051 6702 8589
06 037 070052 3387 4334
06 037 070053 7191 9202
06 037 070054 5025 6406
06 037 070055 3303 4211
06 037 070056 2434 3130
06 037 070057 5770 7369
06 037 070058 4065 5228
06 037 070059 2119 2731
06 037 070060 3322 4230
06 037 070061 2770 3532
06 037 070062 4630 5877
06 037 070063 2514 3268
06 037 070064 3421 4403
06 037 070065 3685 4731
06 037 070066 3118 4014
06 037 070067 3908 5015
06 037 070068 2219 2883
06 037 070069 2465 3187
06 037 070070 5857 7520
06 037 070071 4248 5462
06 037 070072 2049 2616
06 037 070073 4309 5538
06 037 070074 3174 4067
06 037 070075 3276 4201
06 037 070076 4838 6164
06 037 070077 2697 3465
06 037 070078 1991 2574
06 037 070079 3245 4156
06 037 070080 2535 3244
06 037 070081 2855 3680
06 037 070082 2796 3562
06 037 070083 4459 5755
06 037 070084 2371 3046
06 037 070085 1574 2052
06 037 070086 4181 5319
06 037 070087 1649 2098
06 037 070088 3069 3917
06 037 070089 3902 4974
06 037 070090 3407 4339
06 037 070091 1506 1889
06 037 070092 3288 4242
06 037 070093 3964 5073
06 037 070094 3365 4359
06 037 070095 3216 4124
06 037 070096 3885 5019
06 037 070097 2074 2690
06 037 070098 3156 4063
06 037 070099 3632 4643
06 037 070100 4800 6138
06 037 070101 1653 2105
06 037 070102 3191 4126
06 037 070103 4418 5691
06 037 070104 4183 5350
06 037 070105 1368 1752
06 037 070106 3677 4725
06 037 070107 1552 1969
06 037 070108 1898 2437
06 037 070109 3815 4915
06 037 070110 3381 4353
06 037 070111 2762 3568
06 037 070112 4519 5804
06 037 070113 2970 3768
06 037 070114 3569 4599
06 037 070115 2983 3826
06 037 070116 5594 7183
06 037 070117 3419 4376
06 037 070118 2961 3817
06 037 070119 3440 4458
06 037 070120 4306 5526
06 037 070121 1316 1689
06 037 070122 5111 6584
06 037 070123 1871 2410
06 037 070124 1924 2483
06 037 070125 2641 3449
06 037 070126 2159 2749
06 037 070127 3061 3928
06 037 070128 3203 4121
06 037 070129 4913 6283
06 037 070130 2726 3504
06 037 070131 1912 2472
06 037 070132 2478 3173
06 037 070133 2387 3093
06 037 070134 4207 5414
06 037 070135 3573 4579
06 037 070136 4887 6271
06 037 070137 1551 2014
06 037 070138 5068 6519
06 037 070139 4689 6002
06 037 070140 3671 4705
06 037 070141 3264 4214
06 037 070142 1676 2159
06 037 070143 1887 2425
06 037 070144 2309 2958
06 037 070145 4345 5530
06 037 070146 1355 1760
06 037 070147 2399 3086
06 037 070148 3839 4896
06 037 070149 2636 3348
06 037 070150 2112 2670
06 037 070151 1563 2025
06 037 070152 2554 3242
06 037 070153 1766 2258
06 037 070154 3572 4561
06 037 070155 2564 3312
06 037 070156 2471 3238
06 037 070157 3150 4014
06 037 070158 4727 6066
06 037 070159 1036 1298
06 037 070160 1633 2050
06 037 070161 4457 5699
06 037 070162 1600 2050
06 037 070163 636 777
06 037 070164 3658 4691
06 037 070165 2949 3765
06 037 070166 2098 2722
06 037 070167 3862 4927
06 037 070168 3997 5146
06 037 070169 2072 2642
06 037 070170 3991 5101
06 037 070171 3310 4283
06 037 070172 3879 4928
06 037 070173 2871 3671
06 037 070174 4421 5727
06 037 070175 2515 3234
06 037 070176 5810 7445
06 037 070177 1556 1980
06 037 070178 2360 3012
06 037 070179 3791 4871
06 037 070180 4263 5479
06 037 070181 2697 3458
06 037 070182 3823 4857
06 037 070183 2377 3027
06 037 070184 3156 4067
06 037 070185 2710 3445
06 037 070186 2938 3753
06 037 070187 4059 5153
06 037 070188 1440 1853
06 037 070189 3646 4656
06 037 070190 2483 3157
06 037 070191 2751 3528
06 037 070192 1725 2198
06 037 070193 3367 4329
06 037 070194 3894 4963
06 037 070195 3895 4986
06 037 070196 2503 3215
06 037 070197 1599 2046
06 037 070198 5039 6503
06 037 070199 3446 4399
06 037 070200 2317 2956
06 037 070201 5285 6767
06 037 070202 845 1052
06 037 070203 3490 4472
06 037 070204 2123 2720
06 037 070205 3319 4236
06 037 070206 929 1196
06 037 070207 2869 3679
06 037 070208 2444 3181
06 037 070209 3175 4043
06 037 070210 3566 4552
06 037 070211 3837 4920
06 037 070212 2025 2613
06 037 070213 4138 5301
06 037 070214 2257 2885
06 037 070215 2730 3534
06 037 070216 2498 3176
06 037 070217 2135 2735
06 037 070218 2849 3695
06 037 070219 3616 4589
06 037 070220 3316 4212
06 037 070221 3169 4043
06 037 070222 3790 4856
06 037 070223 2275 2849
06 037 070224 3683 4705
06 037 070225 760 986
06 037 070226 4920 6282
06 037 070227 5465 6950
06 037 070228 3230 4159
06 037 070229 3970 5114
06 037 070230 2600 3329
06 037 070231 2693 3440
06 037 080000 3666 4703
06 037 080001 1501 1902
06 037 080002 3517 4463
06 037 080003 2349 3003
06 037 080004 3972 5101
06 037 080005 3821 4898
06 037 080006 4194 5348
06 037 080007 3431 4385
06 037 080008 4155 5323
06 037 080009 4635 5976
06 037 080010 3528 4495
06 037 080011 2671 3408
06 037 080012 3471 4519
06 037 080013 2708 3440
06 037 080014 3147 4035
06 037 080015 2534 3233
06 037 080016 1426 1832
06 037 080017 4683 6026
06 037 080018 3190 4064
06 037 080019 3790 4849
06 037 080020 2351 3032
06 037 080021 2754 3536
06 037 080022 4503 5818
06 037 080023 1917 2455
06 037 080024 2391 3044
06 037 080025 5297 6786
06 037 080026 4741 6096
06 037 080027 2143 2774
06 037 080028 5909 7580
06 037 080029 3643 4661
06 037 080030 3161 4064
06 037 080031 3485 4491
06 037 080032 3878 4957
06 037 080033 3278 4176
06 037 080034 3447 4394
06 037 080035 1834 2387
06 037 080036 2402 3101
06 037 080037 6154 7820
06 037 080038 2214 2834
06 037 080039 1208 1575
06 037 080040 2331 2908
06 037 080041 3480 4450
06 037 080042 4851 6253
06 037 080043 4272 5469
06 037 080044 1652 2118
06 037 080045 2081 2674
06 037 080046 5980 7655
06 037 080047 2419 3077
06 037 080048 1353 1775
06 037 080049 3428 4389
06 037 080050 2020 2609
06 037 080051 5230 6692
06 037 080052 4527 5771
06 037 080053 3601 4619
06 037 080054 2951 3820
06 037 080055 2762 3514
06 037 080056 1320 1686
06 037 080057 3447 4445
06 037 080058 2966 3833
06 037 080059 2064 2632
06 037 080060 950 1221
06 037 080061 3372 4343
06 037 080062 4241 5444
06 037 080063 3926 5060
06 037 080064 3858 4989
06 037 080065 2731 3521
06 037 080066 3932 5014
06 037 080067 3757 4814
06 037 080068 2655 3422
06 037 080069 914 1183
06 037 080070 2621 3369
06 037 080071 4196 5401
06 037 080072 4201 5355
06 037 080073 3037 3879
06 037 080074 5150 6599
06 037 080075 4092 5244
06 037 080076 3739 4772
06 037 080077 1960 2515
06 037 080078 2914 3775
06 037 080079 2479 3163
06 037 080080 2131 2707
06 037 080081 3235 4093
06 037 080082 3032 3882
06 037 080083 914 1195
06 037 080084 5760 7390
06 037 080085 2413 3113
06 037 080086 3329 4301
06 037 080087 2114 2740
06 037 080088 3172 4106
06 037 080089 2517 3231
06 037 080090 2648 3370
06 037 080091 4016 5154
06 037 080092 3221 4092
06 037 080093 4923 6322
06 037 080094 4798 6144
06 037 080095 1402 1777
06 037 080096 3657 4699
06 037 080097 2522 3279
06 037 080098 1770 2289
06 037 080099 4272 5486
06 037 080100 3806 4877
06 037 080101 1460 1885
06 037 080102 2098 2699
06 037 080103 3745 4787
06 037 080104 4293 5524
06 037 080105 4196 5398
06 037 080106 2867 3645
06 037 080107 3338 4307
06 037 080108 5282 6722
06 037 080109 2265 2899
06 037 080110 4929 6322
06 037 080111 2091 2655
06 037 080112 4844 6171
06 037 080113 4832 6202
06 037 080114 2472 3179
06 037 080115 2039 2613
06 037 080116 4367 5573
06 037 080117 2266 2941
06 037 080118 3082 3924
06 037 080119 3598 4579
06 037 080120 1354 1748
06 037 080121 2204 2848
06 037 080122 3017 3886
06 037 080123 2994 3858
06 037 080124 3267 4175
06 037 080125 3424 4392
06 037 080126 4501 5817
06 037 080127 5014 6415
06 037 080128 2671 3405
06 037 080129 2823 3595
06 037 080130 2110 2745
06 037 080131 2493 3189
06 037 080132 4844 6225
06 037 080133 4654 5960
06 037 080134 4062 5184
06 037 080135 3033 3864
06 037 080136 5379 6888
06 037 080137 1390 1774
06 037 080138 3037 3914
06 037 080139 811 1041
06 037 080140 2007 2609
06 037 080141 4553 5857
06 037 080142 3428 4391
06 037 080143 2748 3490
06 037 080144 2126 2719
06 037 080145 2442 3119
06 037 080146 3623 4667
06 037 080147 3728 4787
06 037 080148 5135 6565
06 037 080149 842 1117
06 037 080150 4425 5671
06 037 080151 5505 7047
06 037 080152 3178 4083
06 037 080153 4758 6090
06 037 080154 2422 3108
06 037 080155 2465 3195
06 037 080156 3055 3886
06 037 080157 1289 1682
06 037 080158 876 1128
06 037 080159 1346 1733
06 037 080160 4253 5428
06 037 080161 1208 1563
06 037 080162 2092 2737
06 037 080163 2976 3781
06 037 080164 2678 3395
06 037 080165 2527 3263
06 037 080166 4972 6383
06 037 080167 2976 3815
06 037 080168 4907 6291
06 037 080169 1779 2287
06 037 080170 3651 4715
06 037 080171 1306 1681
06 037 080172 2031 2576
06 037 080173 3765 4788
06 037 080174 2954 3824
06 037 080175 2738 3537
06 037 080176 3130 3974
06 037 080177 1762 2252
06 037 080178 2967 3798
06 037 080179 4220 5364
06 037 080180 3810 4866
06 037 080181 2824 3595
06 037 080182 775 1006
06 037 080183 2196 2787
06 037 080184 4527 5792
06 037 080185 4684 6031
06 037 080186 2108 2724
06 037 080187 4360 5617
06 037 080188 2235 2869
06 037 080189 1349 1736
06 037 080190 3703 4703
06 037 080191 2198 2775
06 037 080192 3804 4827
06 037 080193 3715 4750
06 037 080194 3797 4887
06 037 080195 4009 5125
06 037 080196 1545 1935
06 037 080197 1576 2047
06 037 080198 4720 6063
06 037 080199 5087 6506
06 037 080200 5905 7537
06 037 080201 2346 3033
06 037 080202 2671 3407
06 037 080203 2462 3106
06 037 080204 3183 4079
06 037 080205 2619 3353
06 037 080206 3651 4711
06 037 080207 2518 3236
06 037 080208 3666 4746
06 037 080209 4240 5467
06 037 080210 1916 2427
06 037 080211 2302 2995
06 037 080212 2697 3470
06 037 080213 4705 6054
06 037 080214 1878 2388
06 037 080215 5091 6557
06 037 080216 5696 7249
06 037 080217 2806 3641
06 037 080218 4832 6191
06 037 080219 3493 4501
06 037 080220 1524 1992
06 037 080221 3783 4883
06 037 080222 2488 3217
06 037 080223 4409 5686
06 037 080224 2898 3703
06 037 080225 4238 5437
06 037 080226 3133 4007
06 037 080227 2859 3642
06 037 080228 3549 4588
06 037 080229 4628 5912
06 037 080230 3668 4708
06 037 080231 2644 3377
06 037 080232 4199 5397
06 037 080233 4295 5475
06 037 080234 4329 5571
06 037 080235 3847 4963
06 037 080236 1986 2528
06 037 080237 2952 3807
06 037 080238 4046 5193
06 037 080239 1976 2556
06 037 080240 1883 2422
06 037 080241 4268 5482
06 037 080242 3521 4497
06 037 080243 5019 6430
06 037 080244 2544 3242
06 037 080245 2119 2669
06 037 080246 1273 1603
06 037 080247 3016 3859
06 037 080248 1786 2333
06 037 080249 2552 3261
06 037 080250 4832 6244
06 037 080251 3534 4546
06 037 080252 3467 4406
06 037 080253 3871 4971
06 037 080254 3691 4746
06 037 080255 5425 6977
06 037 080256 1188 1510
06 037 080257 2233 2837
06 037 080258 3030 3886
06 037 080259 3027 3852
06 037 080260 2066 2631
06 037 080261 4217 5389
06 037 080262 3462 4450
06 037 080263 3938 5037
06 037 080264 4020 5112
06 037 080265 2448 3147
06 037 080266 4829 6193
06 037 080267 2373 3042
06 037 080268 2774 3534
06 037 080269 2356 3083
06 037 080270 3978 5123
06 037 080271 1796 2354
06 037 080272 4700 6042
06 037 080273 3143 3997
06 037 080274 5762 7410
06 037 080275 4661 6051
06 037 080276 3825 4940
06 037 080277 1392 1793
06 037 080278 3821 4866
06 037 080279 3250 4152
06 037 080280 2528 3271
06 037 080281 4018 5167
06 037 080282 2487 3124
06 037 080283 5052 6484
06 037 080284 1422 1856
06 037 080285 3106 4020
06 037 080286 3234 4123
06 037 080287 4112 5242
06 037 080288 2790 3575
06 037 080289 1609 2066
06 037 080290 4372 5568
06 037 080291 1872 2406
06 037 080292 2977 3787
06 037 080293 1298 1679
06 037 080294 2333 2970
06 037 080295 2905 3704
06 037 080296 1944 2514
06 037 080297 3885 4922
06 037 080298 4753 6117
06 037 080299 1610 2064
06 037 080300 3267 4159
06 037 080301 3401 4404
06 037 080302 2983 3841
06 037 080303 4076 5252
06 037 080304 3286 4207
06 037 080305 3161 4034
06 037 080306 3041 3843
06 037 080307 3919 5008
06 037 080308 2621 3375
06 037 090000 1518 1923
06 037 090001 1979 2514
06 037 090002 4495 5745
06 037 090003 3462 4429
06 037 090004 3232 4114
06 037 090005 3258 4193
06 037 090006 3519 4544
06 037 090007 3175 4106
06 037 090008 4209 5408
06 037 090009 2653 3426
06 037 090010 5379 6922
06 037 090011 4346 5623
06 037 090012 4127 5273
06 037 090013 2940 3740
06 037 090014 2751 3533
06 037 090015 2858 3640
06 037 090016 2350 3018
06 037 090017 3089 3996
06 037 090018 4391 5649
06 037 090019 4727 6072
06 037 090020 2952 3741
06 037 090021 2936 3781
06 037 090022 3593 4611
06 037 090023 3000 3886
06 037 090024 3274 4170
06 037 090025 1685 2171
06 037 090026 1583 2074
06 037 090027 2804 3609
06 037 090028 3464 4437
06 037 090029 1627 2062
06 037 090030 4881 6235
06 037 090031 1264 1643
06 037 090032 4302 5528
06 037 090033 785 1044
06 037 090034 4462 5715
06 037 090035 616 750
06 037 090036 3646 4697
06 037 090037 3732 4770
06 037 090038 3604 4654
06 037 090039 5546 7120
06 037 090040 4555 5869
06 037 090041 3336 4248
06 037 090042 1384 1757
06 037 090043 4133 5334
06 037 090044 3232 4145
06 037 090045 3229 4144
06 037 090046 2809 3588
06 037 090047 1082 1368
06 037 090048 3352 4278
06 037 090049 3287 4211
06 037 090050 4887 6263
06 037 090051 2092 2636
06 037 090052 2689 3432
06 037 090053 2229 2876
06 037 090054 4253 5455
06 037 090055 4549 5853
06 037 090056 4913 6277
06 037 090057 2533 3226
06 037 090058 3542 4516
06 037 090059 2439 3160
06 037 090060 3240 4159
06 037 090061 3615 4640
06 037 090062 2555 3261
06 037 090063 3598 4636
06 037 090064 3395 4328
06 037 090065 3159 4042
06 037 090066 2970 3793
06 037 090067 2615 3388
06 037 090068 2589 3333
06 037 090069 2911 3738
06 037 090070 3403 4361
06 037 090071 1509 1913
06 037 090072 3719 4765
06 037 090073 3051 3904
06 037 090074 1774 2267
06 037 090075 2090 2719
06 037 090076 4138 5300
06 037 090077 3658 4702
06 037 090078 3106 3997
06 037 090079 3774 4855
06 037 090080 3504 4494
06 037 090081 4169 5363
06 037 090082 3534 4538
06 037 090083 3676 4708
06 037 090084 3448 4425
06 037 090085 2336 3008
06 037 090086 1047 1325
06 037 090087 5294 6781
06 037 090088 3977 5113
06 037 090089 3632 4607
06 037 090090 3356 4294
06 037 090091 1423 1798
06 037 090092 2244 2892
06 037 090093 1565 2011
06 037 090094 2152 2720
06 037 090095 2115 2730
06 037 090096 5207 6693
06 037 090097 4144 5323
06 037 090098 2357 3014
06 037 090099 3293 4223
06 037 090100 779 1021
06 037 090101 1762 2269
06 037 090102 2574 3315
06 037 090103 2461 3229
06 037 090104 2407 3101
06 037 090105 901 1189
06 037 090106 4121 5289
06 037 090107 2755 3544
06 037 090108 3700 4732
06 037 090109 2850 3693
06 037 090110 3416 4387
06 037 090111 3129 4053
06 037 090112 4415 5671
06 037 090113 5423 6972
06 037 090114 1538 1985
06 037 090115 2435 3124
06 037 090116 3580 4614
06 037 090117 2284 2931
06 037 090118 4343 5551
06 037 090119 4108 5267
06 037 090120 3705 4720
06 037 090121 3327 4229
06 037 090122 1638 2085
06 037 090123 1779 2266
06 037 090124 4360 5577
06 037 090125 3321 4259
06 037 090126 2271 2888
06 037 090127 2001 2537
06 037 090128 5225 6730
06 037 090129 1190 1532
06 037 090130 1980 2524
06 037 090131 4800 6133
06 037 090132 1756 2258
06 037 090133 2681 3470
06 037 090134 3573 4585
06 037 090135 3601 4625
06 037 090136 3642 4655
06 037 090137 3525 4562
06 037 090138 6017 7729
06 037 090139 4841 6163
06 037 090140 3945 5044
06 037 090141 3311 4248
06 037 090142 4903 6274
06 037 090143 5177 6604
06 037 090144 4548 5865
06 037 090145 3005 3852
06 037 090146 6465 8317
06 037 090147 4776 6148
06 037 090148 1878 2432
06 037 090149 4604 5885
06 037 090150 1923 2494
06 037 090151 2025 2591
06 037 090152 4362 5605
06 037 090153 2980 3845
06 037 090154 3220 4104
06 037 090155 2732 3462
06 037 090156 2942 3772
06 037 090157 3134 4012
06 037 090158 3496 4455
06 037 090159 4115 5301
06 037 090160 4273 5502
06 037 090161 2026 2564
06 037 090162 2710 3471
06 037 090163 2509 3229
06 037 090164 2058 2635
06 037 090165 2688 3455
06 037 090166 3463 4431
06 037 090167 2568 3256
06 037 090168 3809 4897
06 037 090169 3267 4174
06 037 090170 1227 1533
06 037 090171 3068 3949
06 037 090172 3706 4724
06 037 090173 3746 4763
06 037 090174 1046 1330
06 037 090175 4717 6007
06 037 090176 4496 5741
06 037 090177 3455 4451
06 037 090178 4495 5753
06 037 090179 2427 3125
06 037 090180 2158 2767
06 037 090181 3346 4308
06 037 090182 5495 7042
06 037 090183 2814 3607
06 037 090184 5702 7317
06 037 090185 4047 5163
06 037 090186 2339 3016
06 037 090187 2798 3595
06 037 090188 3147 4015
06 037 090189 2808 3582
06 037 090190 3855 4948
06 037 090191 2966 3770
06 037 090192 2200 2818
06 037 090193 2128 2744
06 037 090194 4650 5962
06 037 090195 3036 3930
06 037 090196 2536 3280
06 037 090197 5130 6582
06 037 090198 842 1109
06 037 090199 1726 2203
06 037 090200 2329 2972
06 037 090201 1505 1949
06 037 090202 2326 2956
06 037 090203 5590 7187
06 037 090204 2362 3024
06 037 090205 2402 3066
06 037 090206 2077 2643
06 037 090207 3337 4254
06 037 090208 2567 3280
06 037 090209 2112 2734
06 037 090210 3544 4537
06 037 090211 5469 7029
06 037 090212 3360 4336
06 037 090213 3287 4271
06 037 090214 5213 6659
06 037 090215 3385 4341
06 037 090216 3308 4230
06 037 090217 3251 4151
06 037 090218 1904 2423
06 037 090219 2992 3841
06 037 090220 1169 1519
06 037 090221 5251 6733
06 037 090222 3444 4373
06 037 090223 3413 4382
06 037 090224 4262 5430
06 037 090225 2325 2939
06 037 090226 4962 6343
06 037 100000 1412 1801
06 037 100001 3162 4055
06 037 100002 3515 4509
06 037 100003 3340 4283
06 037 100004 2027 2551
06 037 100005 4513 5794
06 037 100006 4467 5736
06 037 100007 6369 8163
06 037 100008 4687 6037
06 037 100009 4341 5530
06 037 100010 2753 3535
06 037 100011 3479 4463
06 037 100012 2217 2873
06 037 100013 3021 3887
06 037 100014 2963 3755
06 037 100015 4131 5257
06 037 100016 3392 4356
06 037 100017 1901 2423
06 037 100018 2032 2608
06 037 100019 1609 2026
06 037 100020 2711 3449
06 037 100021 4092 5208
06 037 100022 2434 3166
06 037 100023 4985 6362
06 037 100024 3093 3950
06 037 100025 1045 1354
06 037 100026 2946 3746
06 037 100027 4870 6231
06 037 100028 2224 2824
06 037 100029 3598 4605
06 037 100030 4359 5567
06 037 100031 5438 6983
06 037 100032 3424 4368
06 037 100033 3252 4174
06 037 100034 4802 6135
06 037 100035 4166 5350
06 037 100036 4507 5787
06 037 100037 2606 3365
06 037 100038 2083 2665
06 037 100039 2303 2933
06 037 100040 3088 3940
06 037 100041 3317 4232
06 037 100042 1639 2108
06 037 100043 3578 4574
06 037 100044 1845 2337
06 037 100045 3750 4795
06 037 100046 3831 4921
06 037 100047 3406 4327
06 037 100048 4797 6148
06 037 100049 1618 2065
06 037 100050 5042 6427
06 037 100051 998 1248
06 037 100052 2421 3121
06 037 100053 4421 5658
06 037 100054 4841 6216
06 037 100055 3190 4097
06 037 100056 2182 2774
06 037 100057 3255 4183
06 037 100058 4682 5985
06 037 100059 2666 3429
06 037 100060 1840 2397
06 037 100061 3009 3858
06 037 100062 4007 5147
06 037 100063 1877 2404
06 037 100064 1119 1400
06 037 100065 4144 5353
06 037 100066 4082 5246
06 037 100067 2499 3167
06 037 100068 5271 6726
06 037 100069 1926 2532
06 037 100070 1049 1341
06 037 100071 2229 2853
06 037 100072 2317 2927
06 037 100073 3386 4319
06 037 100074 3388 4339
06 037 100075 4370 5598
06 037 100076 3641 4661
06 037 100077 3239 4229
06 037 100078 3752 4798
06 037 100079 3569 4574
06 037 100080 1447 1805
06 037 100081 1359 1731
06 037 100082 2239 2882
06 037 100083 1070 1376
06 037 100084 3491 4465
06 037 100085 4094 5249
06 037 100086 2900 3721
06 037 100087 1818 2339
06 037 100088 3047 3895
06 037 100089 1632 2070
06 037 100090 2408 3048
06 037 100091 4012 5109
06 037 100092 3952 5026
06 037 100093 3749 4772
06 037 100094 3292 4219
06 037 100095 2848 3628
06 037 100096 4517 5819
06 037 100097 3143 4024
06 037 100098 3817 4889
06 037 100099 3062 3944
06 037 100100 1213 1572
06 037 100101 3751 4855
06 037 100102 3203 4111
06 037 100103 3946 5071
06 037 100104 1226 1546
06 037 100105 4152 5371
06 037 100106 2778 3560
06 037 100107 5242 6687
06 037 100108 5073 6500
06 037 100109 4556 5874
06 037 100110 3991 5096
06 037 100111 3718 4770
06 037 100112 3427 4365
06 037 100113 2876 3666
06 037 100114 734 933
06 037 100115 2106 2701
06 037 100116 4011 5158
06 037 100117 3731 4801
06 037 100118 2709 3442
06 037 100119 3645 4689
06 037 100120 3781 4885
06 037 100121 775 1006
06 037 100122 3168 4063
06 037 100123 2759 3531
06 037 100124 2453 3160
06 037 100125 4166 5355
06 037 100126 3946 5055
06 037 100127 2774 3532
06 037 100128 1635 2107
06 037 100129 1109 1420
06 037 100130 1352 1738
06 037 100131 2886 3722
06 037 100132 4247 5479
06 037 100133 3831 4950
06 037 100134 3486 4493
06 037 100135 3666 4665
06 037 100136 3433 4424
06 037 100137 1439 1886
06 037 100138 607 802
06 037 100139 2524 3270
06 037 100140 3491 4473
06 037 100141 2235 2883
06 037 100142 4249 5477
06 037 100143 2177 2777
06 037 100144 2107 2715
06 037 100145 2034 2610
06 037 100146 2506 3205
06 037 100147 2123 2728
06 037 100148 4592 5884
06 037 100149 4493 5785
06 037 100150 3183 4124
06 037 100151 2270 2900
06 037 100152 3941 5096
06 037 100153 2360 2990
06 037 100154 2154 2780
06 037 100155 3907 5068
06 037 100156 3130 4008
06 037 100157 4694 6042
06 037 100158 4337 5615
06 037 100159 2262 2888
06 037 100160 3545 4545
06 037 100161 3078 3959
06 037 100162 3178 4064
06 037 100163 3110 4000
06 037 100164 3361 4267
06 037 100165 4511 5806
06 037 100166 3113 3986
06 037 100167 1748 2213
06 037 100168 3551 4545
06 037 100169 2873 3693
06 037 100170 2665 3409
06 037 100171 3380 4330
06 037 100172 4033 5161
06 037 100173 4393 5590
06 037 100174 1882 2391
06 037 100175 2192 2815
06 037 100176 4953 6342
06 037 100177 3455 4454
06 037 100178 3295 4236
06 037 100179 2289 2968
06 037 100180 2454 3107
06 037 100181 2817 3620
06 037 100182 3041 3889
06 037 100183 1594 2088
06 037 100184 3490 4477
06 037 100185 4297 5496
06 037 100186 3913 5012
06 037 100187 5547 7101
06 037 100188 2454 3125
06 037 100189 1069 1332
06 037 100190 5218 6718
06 037 100191 1137 1481
06 037 100192 2889 3699
06 037 100193 3867 4987
06 037 100194 1753 2255
06 037 100195 5349 6882
06 037 100196 5138 6580
06 037 100197 4234 5410
06 037 100198 2975 3779
06 037 100199 2550 3240
06 037 100200 2829 3607
06 037 100201 2185 2793
06 037 100202 3163 4025
06 037 100203 4126 5281
06 037 100204 5497 7040
06 037 100205 1891 2452
06 037 100206 5011 6414
06 037 100207 3645 4670
06 037 100208 5565 7108
06 037 100209 2772 3548
06 037 100210 1744 2240
06 037 100211 3820 4909
06 037 100212 3092 3936
06 037 100213 5930 7609
06 037 100214 777 1040
06 037 100215 5097 6513
06 037 100216 2841 3624
06 037 100217 4151 5363
06 037 100218 2041 2607
06 037 100219 2994 3844
06 037 100220 2176 2805
06 037 100221 2601 3347
06 037 100222 4905 6316
06 037 100223 2932 3727
06 037 100224 3962 5087
06 037 100225 3016 3867
06 037 100226 2357 3014
06 037 100227 2198 2820
06 037 100228 3288 4207
06 037 100229 4389 5633
06 037 100230 2888 3756
06 037 100231 2276 2943
06 037 100232 3850 4890
06 037 100233 3145 4027
06 037 100234 1293 1680
06 037 100235 4427 5669
06 037 100236 2939 3742
06 037 100237 3767 4844
06 037 100238 3975 5105
06 037 100239 2166 2780
06 037 100240 1751 2238
06 037 100241 2267 2850
06 037 100242 2634 3357
06 037 100243 1405 1819
06 037 100244 3132 4025
06 037 100245 3786 4803
06 037 100246 4652 5927
06 037 100247 1535 1951
06 037 100248 4170 5316
06 037 100249 3452 4444
06 037 100250 3659 4740
06 037 100251 1430 1879
06 037 100252 3347 4277
06 037 100253 5850 7505
06 037 100254 4132 5314
06 037 100255 4607 5909
06 037 100256 4294 5435
06 037 100257 4364 5553
06 037 100258 3328 4257
06 037 100259 3283 4242
06 037 100260 3979 5090
06 037 100261 1958 2534
06 037 100262 1578 2002
06 037 100263 5160 6618
06 037 100264 1942 2476
06 037 100265 4976 6382
06 037 100266 2155 2767
06 037 100267 4222 5420
06 037 100268 3759 4802
06 037 100269 2639 3349
06 037 100270 4229 5472
06 037 100271 3501 4516
06 037 100272 2036 2621
06 037 100273 1492 1880
06 037 100274 4982 6431
06 037 100275 4976 6372
06 037 100276 3379 4351
06 037 100277 3244 4201
06 037 100278 4704 6007
06 037 100279 1260 1612
06 037 100280 5723 7325
06 037 100281 4002 5157
06 037 100282 2387 3084
06 037 100283 1970 2518
06 037 100284 2942 3800
06 037 100285 5657 7231
06 037 100286 1638 2074
06 037 100287 1598 2026
06 037 100288 2821 3618
06 037 100289 4559 5811
06 037 100290 3267 4193
06 037 100291 2041 2627
06 037 100292 2324 3011
06 037 100293 2484 3199
06 037 100294 4140 5310
06 037 100295 4120 5276
06 037 100296 2379 3033
06 037 100297 2994 3857
06 037 100298 2421 3119
06 037 100299 3520 4442
06 037 100300 3613 4641
06 037 100301 4313 5529
06 037 100302 840 1061
06 037 100303 4359 5552
06 037 100304 4602 5925
06 037 100305 2803 3569
06 037 100306 2092 2688
06 037 100307 3829 4921
06 037 100308 5190 6651
06 037 100309 2385 3068
06 037 100310 2210 2848
06 037 100311 1928 2442
06 037 100312 2459 3188
06 037 100313 3428 4388
06 037 100314 1964 2523
06 037 100315 2709 3489
06 037 100316 3124 4054
06 037 100317 3212 4138
06 037 100318 3906 4987
06 037 100319 2831 3640
06 037 100320 3344 4314
06 037 100321 2932 3751
06 037 100322 2487 3224
06 037 100323 3463 4437
06 037 100324 3865 4972
06 037 100325 2707 3446
06 037 100326 1271 1604
06 037 100327 1583 2043
06 037 100328 3634 4640
06 037 100329 2707 3475
06 037 100330 3528 4573
06 037 100331 3245 4158
06 037 100332 3318 4240
06 037 100333 3294 4207
06 037 100334 2887 3682
06 037 100335 3234 4161
06 037 100336 4102 5247
06 037 100337 3545 4531
06 037 100338 4433 5646
06 037 100339 3826 4891
06 037 100340 3698 4718
06 037 100341 3883 4969
06 037 100342 3092 3948
06 037 100343 3901 5018
06 037 100344 3749 4853
06 037 100345 4531 5777
06 037 100346 2380 3092
06 037 100347 4396 5603
06 037 100348 2922 3758
06 037 100349 1509 1979
06 037 100350 2885 3723
06 037 100351 2819 3642
06 037 100352 3305 4260
06 037 100353 3511 4511
06 037 100354 2683 3461
06 037 100355 4672 6000
06 037 100356 4142 5375
06 037 100357 1344 1728
06 037 100358 2735 3555
06 037 100359 4256 5432
06 037 100360 3987 5151
06 037 100361 1530 1940
06 037 100362 4639 5931
06 037 100363 3281 4203
06 037 100364 4420 5671
06 037 100365 962 1233
06 037 100366 2032 2615
06 037 100367 3209 4136
06 037 100368 4627 5917
06 037 100369 4665 6012
06 037 100370 3161 4048
06 037 100371 3503 4499
06 037 100372 3165 4049
06 037 100373 4507 5793
06 037 100374 3433 4423
06 037 100375 1206 1569
06 037 100376 1285 1671
06 037 100377 3249 4125
06 037 100378 4631 5926
06 037 100379 1827 2339
06 037 100380 2945 3787
06 037 100381 3278 4234
06 037 100382 1879 2375
06 037 100383 2524 3247
06 037 100384 3341 4257
06 037 100385 4317 5555
06 037 100386 3214 4100
06 037 100387 2669 3394
06 037 100388 1835 2373
06 037 100389 4879 6239
06 037 100390 3335 4304
06 037 100391 4364 5642
06 037 100392 3954 5071
06 037 100393 4018 5180
06 037 100394 3517 4517
06 037 100395 4735 6053
06 037 100396 1822 2366
06 037 100397 3235 4124
06 037 100398 3652 4680
06 037 100399 3147 4031
06 037 110000 3283 4233
06 037 110001 2731 3510
06 037 110002 4131 5294
06 037 110003 3921 5055
06 037 110004 4803 6113
06 037 110005 3133 4046
06 037 110006 1749 2212
06 037 110007 2347 2981
06 037 110008 3424 4364
06 037 110009 4234 5426
06 037 110010 1254 1613
06 037 110011 2736 3512
06 037 110012 2931 3764
06 037 110013 3298 4269
06 037 110014 2346 2986
06 037 110015 4667 5996
06 037 110016 4372 5606
06 037 110017 3863 4943
06 037 110018 3634 4668
06 037 110019 5618 7197
06 037 110020 3606 4546
06 037 110021 988 1231
06 037 110022 4763 6114
06 037 110023 3317 4307
06 037 110024 6033 7717
06 037 110025 2769 3518
06 037 110026 5125 6575
06 037 110027 2781 3530
06 037 110028 2642 3368
06 037 110029 3645 4682
06 037 110030 3287 4180
06 037 110031 2658 3414
06 037 110032 2390 3093
06 037 110033 841 1082
06 037 110034 691 882
06 037 110035 2710 3441
06 037 110036 3022 3877
06 037 110037 2711 3492
06 037 110038 5211 6642
06 037 110039 1388 1768
06 037 110040 2528 3238
06 037 110041 3574 4583
06 037 110042 3397 4316
06 037 110043 3374 4326
06 037 110044 2954 3765
06 037 110045 4794 6186
06 037 110046 3349 4336
06 037 110047 4592 5884
06 037 110048 3792 4825
06 037 110049 3320 4273
06 037 110050 3310 4275
06 037 110051 3133 4021
06 037 110052 3910 5037
06 037 110053 3894 4972
06 037 110054 2163 2857
06 037 110055 3029 3906
06 037 110056 3356 4290
06 037 110057 3776 4801
06 037 110058 5064 6485
06 037 110059 2530 3271
06 037 110060 5283 6798
06 037 110061 3056 3943
06 037 110062 4575 5847
06 037 110063 3628 4681
06 037 110064 3087 3976
06 037 110065 3242 4162
06 037 110066 2080 2659
06 037 110067 3738 4830
06 037 110068 2744 3521
06 037 110069 4858 6219
06 037 110070 4692 6012
06 037 110071 2142 2724
06 037 110072 4888 6233
06 037 110073 4993 6408
06 037 110074 1769 2249
06 037 110075 3019 3864
06 037 110076 2453 3153
06 037 110077 2820 3602
06 037 110078 2607 3347
06 037 110079 2822 3654
06 037 110080 3394 4392
06 037 110081 3346 4297
06 037 110082 3756 4772
06 037 110083 1842 2406
06 037 110084 4795 6130
06 037 110085 4593 5880
06 037 110086 3581 4616
06 037 110087 4096 5229
06 037 110088 4956 6358
06 037 110089 4207 5406
06 037 110090 3308 4212
06 037 110091 3896 5020
06 037 110092 4746 6070
06 037 110093 2908 3741
06 037 110094 3468 4459
06 037 110095 2829 3623
06 037 110096 2559 3264
06 037 110097 2277 2939
06 037 110098 2473 3193
06 037 110099 3317 4230
06 037 110100 5026 6424
06 037 110101 2692 3438
06 037 110102 4138 5362
06 037 110103 1835 2332
06 037 110104 1551 2026
06 037 110105 2776 3548
06 037 110106 4178 5379
06 037 110107 4591 5881
06 037 110108 4342 5591
06 037 110109 2657 3442
06 037 110110 2979 3813
06 037 110111 5931 7602
06 037 110112 2907 3723
06 037 110113 4219 5384
06 037 110114 4440 5750
06 037 110115 3645 4658
06 037 110116 2881 3688
06 037 110117 2192 2844
06 037 110118 5804 7391
06 037 110119 3656 4682
06 037 110120 1296 1668
06 037 110121 1279 1663
06 037 110122 2089 2682
06 037 110123 4497 5760
06 037 110124 4052 5174
06 037 110125 4813 6194
06 037 110126 3156 4046
06 037 110127 4912 6296
06 037 110128 830 1066
06 037 110129 4495 5758
06 037 110130 1017 1319
06 037 110131 4394 5622
06 037 110132 3045 3925
06 037 110133 4359 5585
06 037 110134 2608 3334
06 037 110135 4020 5160
06 037 110136 2856 3647
06 037 110137 2675 3407
06 037 110138 2852 3678
06 037 110139 3591 4637
06 037 110140 1567 2002
06 037 110141 4387 5644
06 037 110142 3787 4902
06 037 110143 1796 2319
06 037 110144 3815 4894
06 037 110145 3269 4183
06 037 110146 2592 3327
06 037 110147 5194 6675
06 037 110148 2788 3546
06 037 110149 3302 4199
06 037 110150 1873 2405
06 037 110151 3967 5110
06 037 110152 3179 4063
06 037 110153 3283 4198
06 037 110154 1499 1913
06 037 110155 2615 3387
06 037 110156 3807 4843
06 037 110157 1493 1871
06 037 110158 3153 4030
06 037 110159 2450 3147
06 037 110160 2992 3825
06 037 110161 3813 4854
06 037 110162 3524 4535
06 037 110163 1845 2431
06 037 110164 4242 5424
06 037 110165 4549 5840
06 037 110166 2047 2611
06 037 110167 1581 2055
06 037 110168 2124 2676
06 037 110169 3336 4335
06 037 110170 1849 2381
06 037 110171 4997 6431
06 037 110172 5396 6923
06 037 110173 3624 4675
06 037 110174 3599 4577
06 037 110175 1956 2501
06 037 110176 2033 2600
06 037 110177 2763 3494
06 037 110178 3223 4159
06 037 110179 3019 3912
06 037 110180 2244 2868
06 037 110181 4751 6116
06 037 110182 2294 2924
06 037 110183 3294 4273
06 037 110184 1862 2374
06 037 110185 2200 2802
06 037 110186 3076 3927
06 037 110187 5482 7001
06 037 110188 2993 3821
06 037 110189 3762 4787
06 037 110190 3570 4550
06 037 110191 3031 3900
06 037 110192 4201 5358
06 037 110193 958 1177
06 037 110194 4245 5443
06 037 110195 3614 4641
06 037 110196 2983 3815
06 037 110197 3343 4294
06 037 110198 3554 4571
06 037 110199 3526 4527
06 037 110200 2051 2642
06 037 110201 3639 4681
06 037 110202 2530 3270
06 037 110203 3171 4097
06 037 110204 1442 1852
06 037 110205 1851 2307
06 037 110206 1812 2361
06 037 110207 4088 5264
06 037 110208 3325 4273
06 037 110209 4157 5303
06 037 110210 2921 3738
06 037 110211 4466 5729
06 037 110212 3403 4346
06 037 110213 4563 5883
06 037 110214 3309 4225
06 037 110215 2704 3492
06 037 110216 4229 5401
06 037 110217 3135 4034
06 037 110218 7854 10031
06 037 110219 3337 4273
06 037 110220 3147 4028
06 037 110221 3823 4935
06 037 110222 3512 4490
06 037 110223 5006 6399
06 037 110224 3578 4570
06 037 110225 4280 5479
06 037 110226 3050 3920
06 037 110227 2485 3166
06 037 110228 4289 5521
06 037 110229 3312 4295
06 037 110230 2351 3012
06 037 110231 1087 1426
06 037 110232 3190 4036
06 037 110233 3000 3854
06 037 110234 3308 4274
06 037 110235 2325 3025
06 037 110236 4424 5672
06 037 110237 2302 2939
06 037 110238 1995 2554
06 037 110239 4799 6133
06 037 110240 5128 6590
06 037 110241 2671 3436
06 037 110242 6348 8157
06 037 110243 4249 5490
06 037 110244 3071 3945
06 037 110245 2609 3335
06 037 110246 4488 5772
06 037 110247 3026 3860
06 037 110248 2962 3823
06 037 110249 4122 5310
06 037 110250 2418 3116
06 037 110251 2909 3719
06 037 110252 2881 3695
06 037 110253 3638 4688
06 037 110254 2966 3833
06 037 110255 5209 6692
06 037 110256 1844 2355
06 037 110257 3268 4185
06 037 110258 3492 4478
06 037 110259 2578 3285
06 037 110260 1785 2279
06 037 110261 3938 5029
06 037 110262 3389 4310
06 037 110263 3597 4614
06 037 110264 2569 3342
06 037 110265 4130 5301
06 037 110266 3501 4547
06 037 110267 3045 3921
06 037 110268 2134 2756
06 037 110269 1335 1693
06 037 110270 3148 4052
06 037 110271 1666 2122
06 037 110272 1761 2300
06 037 110273 2518 3224
06 037 110274 3670 4722
06 037 110275 2600 3364
06 037 110276 3675 4758
06 037 110277 4126 5297
06 037 110278 1446 1905
06 037 110279 4922 6337
06 037 110280 2598 3314
06 037 110281 1997 2585
06 037 110282 2058 2614
06 037 110283 3270 4220
06 037 110284 3247 4169
06 037 110285 2873 3721
06 037 110286 4276 5472
06 037 110287 3514 4546
06 037 110288 4791 6126
06 037 110289 2791 3538
06 037 110290 3835 4999
06 037 110291 2639 3370
06 037 110292 3470 4418
06 037 110293 4794 6176
06 037 110294 1489 1910
06 037 110295 3856 4924
06 037 110296 1413 1785
06 037 110297 3322 4261
06 037 110298 1636 2115
06 037 110299 1585 2011
06 037 110300 3563 4517
06 037 110301 2834 3608
06 037 110302 1159 1486
06 037 110303 3399 4363
06 037 110304 3942 5060
06 037 110305 2935 3738
06 037 110306 4758 6048
06 037 110307 1546 1960
06 037 110308 3044 3898
06 037 110309 2847 3674
06 037 110310 3188 4097
06 037 110311 3617 4621
06 037 110312 4518 5724
06 037 110313 3864 4917
06 037 110314 3533 4523
06 037 110315 2783 3558
06 037 110316 4634 5937
06 037 110317 2195 2822
06 037 110318 3005 3865
06 037 110319 4034 5170
06 037 110320 4190 5416
06 037 110321 3140 4045
06 037 110322 3899 4989
06 037 110323 2825 3641
06 037 110324 3167 4034
06 037 110325 3569 4606
06 037 110326 3227 4116
06 037 110327 4510 5792
06 037 110328 3805 4897
06 037 110329 1843 2381
06 037 110330 3671 4723
06 037 110331 3968 5132
06 037 110332 4968 6389
06 037 110333 2294 2918
06 037 110334 3526 4498
06 037 110335 4353 5617
06 037 110336 2860 3669
06 037 110337 2339 3014
06 037 110338 1394 1800
06 037 110339 2597 3310
06 037 110340 3317 4232
06 037 120000 2819 3627
06 037 120001 3179 4078
06 037 120002 5036 6448
06 037 120003 1488 1903
06 037 120004 2198 2792
06 037 120005 3235 4143
06 037 120006 3093 3983
06 037 120007 2726 3475
06 037 120008 1995 2538
06 037 120009 4213 5470
06 037 120010 2749 3560
06 037 120011 3245 4154
06 037 120012 4391 5636
06 037 120013 2027 2611
06 037 120014 2545 3258
06 037 120015 5176 6635
06 037 120016 3204 4094
06 037 120017 5621 7212
06 037 120018 1325 1709
06 037 120019 3050 3894
06 037 120020 3576 4585
06 037 120021 3850 4867
06 037 120022 3758 4833
06 037 120023 2807 3618
06 037 120024 3637 4624
06 037 120025 1044 1346
06 037 120026 7270 9344
06 037 120027 5728 7345
06 037 120028 4444 5678
06 037 120029 3687 4743
06 037 120030 3701 4722
06 037 120031 2306 2971
06 037 120032 1921 2480
06 037 120033 5403 6926
06 037 120034 4499 5757
06 037 120035 2448 3134
06 037 120036 1590 2004
06 037 120037 2804 3587
06 037 120038 4999 6395
06 037 120039 3002 3834
06 037 120040 2902 3670
06 037 120041 2882 3687
06 037 120042 3344 4291
06 037 120043 4109 5229
06 037 120044 2902 3715
06 037 120045 2975 3852
06 037 120046 3694 4722
06 037 120047 2763 3543
06 037 120048 3369 4308
06 037 120049 4932 6325
06 037 120050 4622 5936
06 037 120051 3288 4244
06 037 120052 2348 3025
06 037 120053 1384 1771
06 037 120054 4358 5599
06 037 120055 2104 2723
06 037 120056 4789 6182
06 037 120057 2613 3277
06 037 120058 4408 5603
06 037 120059 3614 4645
06 037 120060 4143 5282
06 037 120061 1856 2357
06 037 120062 4555 5843
06 037 120063 3169 4126
06 037 120064 2061 2645
06 037 120065 2167 2825
06 037 120066 4939 6293
06 037 120067 1402 1773
06 037 120068 3714 4791
06 037 120069 3410 4379
06 037 120070 2972 3820
06 037 120071 3657 4674
06 037 120072 2847 3659
06 037 120073 3339 4305
06 037 120074 1380 1715
06 037 130000 4986 6417
06 037 130001 4306 5560
06 037 130002 4009 5158
06 037 130003 2583 3336
06 037 130004 3798 4856
06 037 130005 4732 6050
06 037 130006 4289 5469
06 037 130007 5584 7163
06 037 130008 3400 4357
06 037 130009 2138 2736
06 037 130010 1149 1487
06 037 130011 2493 3228
06 037 130012 3454 4431
06 037 130013 2189 2827
06 037 130014 2537 3285
06 037 130015 1021 1310
06 037 130016 2576 3341
06 037 130017 3927 5006
06 037 130018 2291 2928
06 037 130019 3851 4935
06 037 130020 4731 6044
06 037 130021 3494 4486
06 037 130022 4416 5726
06 037 130023 2682 3479
06 037 130024 1991 2530
06 037 130025 3609 4654
06 037 130026 4204 5361
06 037 130027 2093 2680
06 037 130028 3233 4164
06 037 130029 5119 6559
06 037 130030 3167 4067
06 037 130031 2753 3515
06 037 130032 2922 3760
06 037 130033 2078 2656
06 037 130034 2466 3121
06 037 130035 2845 3675
06 037 130036 2472 3186
06 037 130037 2074 2666
06 037 130038 3446 4409
06 037 130039 5070 6476
06 037 130040 3938 5045
06 037 130041 5311 6835
06 037 130042 2505 3203
06 037 130043 4456 5693
06 037 130044 3764 4799
06 037 130045 3568 4555
06 037 130046 2416 3052
06 037 130047 4253 5463
06 037 130048 5428 6982
06 037 130049 3475 4455
06 037 130050 2617 3368
06 037 130051 4442 5685
06 037 130052 2284 2929
06 037 130053 2488 3179
06 037 130054 3884 5011
06 037 130055 4468 5727
06 037 130056 4291 5461
06 037 130057 3058 3912
06 037 130058 1913 2508
06 037 130059 3496 4467
06 037 130060 6188 8008
06 037 130061 1810 2296
06 037 130062 4081 5242
06 037 130063 2931 3783
06 037 130064 4426 5727
06 037 130065 2141 2734
06 037 130066 3322 4290
06 037 130067 4644 5948
06 037 130068 5089 6534
06 037 130069 2337 3016
06 037 130070 3530 4537
06 037 130071 3873 4906
06 037 130072 2412 3109
06 037 130073 2322 2956
06 037 130074 3703 4751
06 037 130075 2522 3263
06 037 130076 2669 3397
06 037 130077 3561 4579
06 037 130078 2122 2756
06 037 130079 4290 5518
06 037 140000 4008 5140
06 037 140001 3178 4062
06 037 140002 2830 3625
06 037 140003 3947 5074
06 037 140004 1986 2543
06 037 140005 1102 1398
06 037 140006 3571 4607
06 037 140007 2718 3456
06 037 140008 2315 2974
06 037 140009 5493 7031
06 037 140010 5381 6884
06 037 140011 1186 1490
06 037 140012 2813 3576
06 037 140013 1539 1988
06 037 140014 4425 5648
06 037 140015 3491 4450
06 037 140016 2811 3594
06 037 140017 5051 6456
06 037 140018 2412 3082
06 037 140019 4570 5856
06 037 140020 3248 4148
06 037 140021 2682 3437
06 037 140022 2375 3042
06 037 140023 3506 4512
06 037 140024 3111 4015
06 037 140025 5901 7581
06 037 140026 2448 3130
06 037 140027 3344 4313
06 037 140028 2388 3101
06 037 140029 1300 1637
06 037 140030 2136 2738
06 037 140031 3859 4971
06 037 140032 2094 2671
06 037 140033 4865 6280
06 037 140034 3930 5026
06 037 140035 4238 5476
06 037 140036 3861 4955
06 037 140037 2036 2584
06 037 140038 3168 4087
06 037 140039 2034 2621
06 037 140040 4880 6236
06 037 140041 4168 5342
06 037 140042 3592 4646
06 037 140043 4956 6359
06 037 140044 2231 2846
06 037 140045 2685 3474
06 037 140046 4169 5327
06 037 140047 2924 3746
06 037 140048 3984 5093
06 037 140049 2263 2899
06 037 140050 1820 2342
06 037 140051 4367 5561
06 037 140052 8410 10795
06 037 140053 6359 8155
06 037 140054 3217 4132
06 037 140055 4621 5902
06 037 140056 3285 4200
06 037 140057 3110 3988
06 037 140058 5632 7221
06 037 140059 3094 3995
06 037 140060 2626 3352
06 037 140061 2458 3182
06 037 140062 2096 2683
06 037 140063 1604 2101
06 037 140064 1858 2366
06 037 140065 4693 5988
06 037 140066 3127 4018
06 037 140067 2676 3430
06 037 140068 2666 3383
06 037 140069 3556 4601
06 037 140070 2945 3790
06 037 140071 4111 5291
06 037 140072 2488 3199
06 037 140073 4165 5312
06 037 140074 5684 7280
06 037 140075 3084 3968
06 037 140076 1457 1896
06 037 140077 5617 7200
06 037 140078 1480 1902
06 037 140079 2410 3060
06 037 140080 2803 3599
06 037 140081 5213 6690
06 037 140082 4495 5761
06 037 140083 2483 3168
06 037 140084 3592 4588
06 037 140085 3301 4256
06 037 140086 2303 2935
06 037 140087 3433 4379
06 037 150000 4508 5787
06 037 150001 3566 4599
06 037 150002 3807 4893
06 037 150003 5228 6704
06 037 150004 1470 1907
06 037 150005 4841 6223
06 037 150006 2487 3208
06 037 150007 4543 5797
06 037 150008 6245 8019
06 037 150009 1151 1503
06 037 150010 4100 5294
06 037 150011 3024 3891
06 037 150012 3192 4068
06 037 150013 2123 2706
06 037 150014 2059 2694
06 037 150015 4646 5932
06 037 150016 3861 4929
06 037 150017 1568 1989
06 037 150018 3064 3914
06 037 150019 3186 4080
06 037 150020 2668 3438
06 037 150021 2622 3395
06 037 150022 4684 5997
06 037 150023 4706 6056
06 037 150024 3180 4069
06 037 150025 2644 3400
06 037 150026 2629 3345
06 037 150027 4511 5811
06 037 150028 3113 3986
06 037 150029 2914 3740
06 037 150030 4189 5334
06 037 150031 1562 1997
06 037 150032 4450 5715
06 037 150033 1666 2099
06 037 150034 1918 2481
06 037 150035 1198 1559
06 037 150036 1049 1322
06 037 150037 2155 2810
06 037 150038 2434 3151
06 037 150039 3346 4292
06 037 150040 4721 6036
06 037 150041 4079 5219
06 037 150042 3250 4159
06 037 150043 1125 1467
06 037 150044 2349 3015
06 037 150045 4509 5824
06 037 150046 1394 1795
06 037 150047 1990 2520
06 037 150048 1377 1771
06 037 150049 1754 2282
06 037 150050 4197 5387
06 037 150051 2861 3700
06 037 150052 2283 2942
06 037 150053 1877 2397
06 037 150054 2874 3710
06 037 150055 4289 5504
06 037 150056 2272 2956
06 037 150057 2028 2606
06 037 150058 2356 3011
06 037 150059 3481 4437
06 037 150060 3371 4315
06 037 150061 4529 5799
06 037 150062 3533 4464
06 037 150063 3729 4794
06 037 150064 4016 5153
06 037 150065 1905 2485
06 037 150066 2657 3403
06 037 150067 2328 3029
06 037 150068 2571 3312
