06 037 000000 2488 3175
06 037 000001 2776 3531
06 037 000002 1639 2119
06 037 000003 2418 3089
06 037 000004 3139 4075
06 037 000005 3445 4411
06 037 000006 3958 5052
06 037 000007 1855 2411
06 037 000008 2273 2942
06 037 000009 1844 2324
06 037 000010 1363 1731
06 037 000011 3379 4333
06 037 000012 4210 5384
06 037 000013 2620 3381
06 037 000014 4527 5829
06 037 000015 3995 5119
06 037 000016 2155 2811
06 037 000017 1400 1741
06 037 000018 2669 3408
06 037 000019 3481 4474
06 037 000020 3213 4144
06 037 000021 3297 4216
06 037 000022 3153 4047
06 037 000023 3143 4064
06 037 000024 3768 4851
06 037 000025 2007 2534
06 037 000026 5008 6418
06 037 000027 1836 2340
06 037 000028 2632 3408
06 037 000029 2123 2707
06 037 000030 4114 5281
06 037 000031 2215 2881
06 037 000032 3688 4784
06 037 000033 3527 4497
06 037 000034 3407 4356
06 037 000035 2523 3263
06 037 000036 2789 3555
06 037 000037 1866 2382
06 037 000038 3116 3932
06 037 000039 4163 5346
06 037 000040 3689 4709
06 037 000041 4125 5247
06 037 000042 3955 5044
06 037 000043 2336 3006
06 037 000044 3588 4643
06 037 000045 2104 2674
06 037 000046 4627 5932
06 037 000047 3726 4770
06 037 000048 3700 4738
06 037 000049 2651 3438
06 037 000050 4061 5183
06 037 000051 2647 3424
06 037 000052 3822 4884
06 037 000053 5117 6537
06 037 000054 3358 4280
06 037 000055 3570 4607
06 037 000056 3508 4494
06 037 000057 1906 2412
06 037 000058 3197 4077
06 037 000059 3232 4126
06 037 000060 2317 2982
06 037 000061 1451 1909
06 037 000062 3935 5051
06 037 000063 4537 5813
06 037 000064 2463 3129
06 037 000065 2837 3668
06 037 000066 2993 3808
06 037 000067 4135 5280
06 037 000068 2936 3731
06 037 000069 2687 3429
06 037 000070 2554 3261
06 037 000071 3864 5006
06 037 000072 3495 4467
06 037 000073 1939 2476
06 037 000074 4905 6290
06 037 000075 2945 3745
06 037 000076 2755 3527
06 037 000077 3726 4795
06 037 000078 3063 3875
06 037 000079 3911 5045
06 037 000080 3457 4374
06 037 000081 2308 2975
06 037 000082 1836 2381
06 037 000083 2131 2722
06 037 000084 2727 3470
06 037 000085 2470 3170
06 037 000086 4378 5607
06 037 000087 1951 2519
06 037 000088 2791 3550
06 037 000089 3116 3950
06 037 000090 2547 3205
06 037 000091 3376 4298
06 037 000092 4583 5867
06 037 000093 2954 3799
06 037 000094 3842 4875
06 037 000095 3129 3988
06 037 000096 1520 1936
06 037 000097 665 824
06 037 000098 4614 5915
06 037 000099 1926 2459
06 037 000100 3648 4673
06 037 000101 4321 5544
06 037 000102 2092 2707
06 037 000103 1422 1844
06 037 000104 2777 3563
06 037 000105 1258 1609
06 037 000106 3818 4885
06 037 000107 3014 3858
06 037 000108 2292 2970
06 037 000109 3600 4617
06 037 000110 2228 2845
06 037 000111 2989 3843
06 037 000112 3816 4865
06 037 000113 1581 2118
06 037 000114 2883 3728
06 037 000115 1501 1908
06 037 000116 2764 3555
06 037 000117 3781 4862
06 037 000118 1146 1485
06 037 000119 4848 6235
06 037 000120 3014 3839
06 037 000121 2506 3205
06 037 000122 5738 7388
06 037 000123 3629 4698
06 037 000124 3518 4514
06 037 000125 2250 2877
06 037 000126 4056 5212
06 037 000127 4076 5234
06 037 000128 3685 4793
06 037 000129 3916 5052
06 037 000130 3469 4417
06 037 000131 2220 2862
06 037 000132 2007 2557
06 037 000133 5223 6707
06 037 000134 1825 2347
06 037 000135 2549 3277
06 037 000136 2902 3764
06 037 000137 2984 3817
06 037 000138 4881 6243
06 037 000139 1231 1587
06 037 000140 4441 5678
06 037 000141 3623 4615
06 037 000142 2249 2885
06 037 000143 3724 4772
06 037 000144 4175 5379
06 037 000145 2536 3237
06 037 000146 1662 2119
06 037 000147 4505 5800
06 037 000148 2731 3503
06 037 000149 3037 3885
06 037 000150 3708 4751
06 037 000151 3395 4309
06 037 000152 3211 4115
06 037 000153 5246 6765
06 037 000154 3687 4726
06 037 000155 3121 3948
06 037 000156 2463 3151
06 037 000157 2258 2897
06 037 000158 3202 4110
06 037 000159 4882 6252
06 037 000160 4356 5605
06 037 000161 3949 5060
06 037 000162 3303 4198
06 037 000163 4073 5244
06 037 000164 5609 7156
06 037 000165 5933 7631
06 037 000166 3467 4456
06 037 000167 3869 4944
06 037 000168 3508 4477
06 037 000169 4045 5177
06 037 000170 3469 4394
06 037 000171 5093 6536
06 037 000172 3995 5136
06 037 000173 3688 4723
06 037 000174 3729 4762
06 037 000175 4459 5701
06 037 000176 1852 2368
06 037 000177 1020 1332
06 037 000178 3066 3952
06 037 000179 1647 2108
06 037 000180 3713 4716
06 037 000181 4436 5730
06 037 000182 821 1018
06 037 000183 3212 4077
06 037 000184 669 868
06 037 000185 2233 2873
06 037 000186 5199 6716
06 037 000187 1484 1875
06 037 000188 3115 3987
06 037 000189 2933 3779
06 037 000190 1720 2170
06 037 000191 2139 2785
06 037 000192 3904 4948
06 037 000193 3708 4754
06 037 000194 4193 5383
06 037 000195 3935 5060
06 037 000196 2656 3431
06 037 000197 4652 5946
06 037 000198 3671 4694
06 037 000199 1571 2026
06 037 000200 2410 3114
06 037 000201 3524 4533
06 037 000202 1732 2202
06 037 000203 3300 4209
06 037 000204 3569 4561
06 037 000205 1730 2202
06 037 000206 3705 4772
06 037 000207 1934 2481
06 037 000208 2572 3286
06 037 000209 1925 2509
06 037 000210 3475 4474
06 037 000211 3277 4232
06 037 000212 3022 3857
06 037 000213 3136 3988
06 037 000214 1479 1943
06 037 000215 3251 4129
06 037 000216 4004 5150
06 037 000217 1311 1689
06 037 000218 4891 6268
06 037 000219 2476 3184
06 037 000220 2283 2916
06 037 000221 2589 3363
06 037 000222 2206 2824
06 037 000223 3808 4862
06 037 000224 2227 2849
06 037 000225 2254 2844
06 037 000226 4750 6099
06 037 000227 2938 3777
06 037 000228 3058 3961
06 037 000229 3090 3950
06 037 000230 2369 3079
06 037 000231 1988 2557
06 037 000232 2388 3006
06 037 010000 3428 4399
06 037 010001 3057 3895
06 037 010002 3260 4136
06 037 010003 1948 2486
06 037 010004 1412 1830
06 037 010005 3274 4177
06 037 010006 2320 3013
06 037 010007 2779 3536
06 037 010008 2946 3792
06 037 010009 4018 5149
06 037 010010 3616 4654
06 037 010011 3451 4420
06 037 010012 4844 6158
06 037 010013 4714 6006
06 037 010014 1805 2331
06 037 010015 4416 5641
06 037 010016 3355 4278
06 037 010017 2422 3131
06 037 010018 1846 2368
06 037 010019 2624 3376
06 037 010020 4914 6305
06 037 010021 4244 5429
06 037 010022 2884 3664
06 037 010023 3319 4201
06 037 010024 1291 1637
06 037 010025 2335 2965
06 037 010026 1672 2176
06 037 010027 3137 4015
06 037 010028 2294 2881
06 037 010029 3698 4748
06 037 010030 4861 6251
06 037 010031 1244 1582
06 037 010032 1871 2368
06 037 010033 4685 6001
06 037 010034 2951 3791
06 037 010035 2260 2870
06 037 010036 4060 5178
06 037 010037 2898 3696
06 037 010038 3613 4620
06 037 010039 1605 2024
06 037 010040 4085 5263
06 037 010041 3601 4578
06 037 010042 2159 2718
06 037 010043 3180 4103
06 037 010044 3627 4622
06 037 010045 3382 4354
06 037 010046 2780 3555
06 037 010047 3595 4630
06 037 010048 3414 4400
06 037 010049 3811 4868
06 037 010050 3880 4944
06 037 010051 4720 5995
06 037 010052 3548 4567
06 037 010053 4354 5565
06 037 010054 2651 3421
06 037 010055 3358 4362
06 037 010056 4017 5154
06 037 010057 3394 4323
06 037 010058 3541 4589
06 037 010059 4156 5384
06 037 010060 2843 3639
06 037 010061 2311 2958
06 037 010062 2600 3328
06 037 010063 2212 2805
06 037 010064 2474 3170
06 037 010065 5408 6936
06 037 010066 4785 6142
06 037 010067 3067 3910
06 037 010068 5098 6541
06 037 010069 3015 3854
06 037 010070 2898 3731
06 037 010071 2756 3510
06 037 010072 2832 3627
06 037 010073 2364 3025
06 037 010074 3754 4840
06 037 010075 5250 6743
06 037 010076 4386 5606
06 037 010077 3877 4977
06 037 010078 4557 5800
06 037 010079 3577 4529
06 037 010080 3111 3981
06 037 010081 3841 4950
06 037 010082 5489 6992
06 037 010083 3582 4574
06 037 010084 2861 3637
06 037 010085 2778 3572
06 037 010086 2478 3174
06 037 010087 3562 4552
06 037 010088 3169 4114
06 037 010089 5976 7637
06 037 010090 3567 4595
06 037 010091 2858 3634
06 037 010092 2424 3091
06 037 010093 3583 4596
06 037 010094 2065 2616
06 037 010095 3472 4464
06 037 010096 4697 5990
06 037 010097 2009 2558
06 037 010098 5005 6386
06 037 010099 2051 2625
06 037 010100 2099 2691
06 037 010101 4053 5170
06 037 010102 4246 5446
06 037 010103 3649 4680
06 037 010104 1995 2587
06 037 010105 2732 3532
06 037 010106 3722 4715
06 037 010107 4731 6043
06 037 010108 3273 4190
06 037 010109 3247 4194
06 037 010110 4305 5588
06 037 010111 1821 2366
06 037 010112 3242 4142
06 037 010113 2475 3183
06 037 010114 3965 5093
06 037 010115 1457 1864
06 037 010116 3553 4546
06 037 010117 1096 1384
06 037 010118 1349 1730
06 037 010119 3320 4324
06 037 010120 3847 4940
06 037 010121 2817 3614
06 037 010122 1865 2371
06 037 010123 833 1122
06 037 010124 2446 3196
06 037 010125 1731 2245
06 037 010126 2991 3807
06 037 010127 2114 2701
06 037 010128 2735 3472
06 037 010129 3395 4367
06 037 010130 3875 4945
06 037 010131 6082 7793
06 037 010132 1581 2059
06 037 010133 3038 3882
06 037 010134 4723 6026
06 037 010135 1661 2127
06 037 010136 3749 4793
06 037 010137 4620 5921
06 037 010138 3271 4189
06 037 010139 2778 3556
06 037 010140 3071 3945
06 037 010141 2938 3795
06 037 010142 1582 2077
06 037 010143 3367 4308
06 037 010144 2856 3659
06 037 010145 3469 4476
06 037 010146 2824 3592
06 037 010147 2520 3210
06 037 010148 1947 2475
06 037 010149 2497 3176
06 037 010150 2720 3505
06 037 010151 4266 5469
06 037 010152 3971 5108
06 037 010153 2472 3155
06 037 010154 5244 6749
06 037 010155 4506 5789
06 037 010156 3494 4504
06 037 010157 3090 3967
06 037 010158 3071 3918
06 037 010159 5499 7036
06 037 010160 3711 4766
06 037 010161 3718 4778
06 037 010162 3371 4319
06 037 010163 1838 2377
06 037 010164 2968 3803
06 037 010165 3333 4265
06 037 010166 4232 5439
06 037 010167 4476 5714
06 037 010168 3215 4167
06 037 010169 3716 4744
06 037 010170 3382 4363
06 037 010171 5429 6983
06 037 010172 875 1139
06 037 010173 4019 5155
06 037 010174 2996 3869
06 037 010175 5067 6486
06 037 010176 5086 6531
06 037 010177 3019 3855
06 037 010178 4835 6214
06 037 010179 5967 7639
06 037 010180 3255 4163
06 037 010181 3015 3889
06 037 010182 2507 3266
06 037 010183 2335 2996
06 037 010184 4709 6068
06 037 020000 5265 6720
06 037 020001 1735 2213
06 037 020002 2538 3238
06 037 020003 3892 4978
06 037 020004 4191 5378
06 037 020005 4202 5395
06 037 020006 3993 5112
06 037 020007 2596 3328
06 037 020008 3355 4300
06 037 020009 3885 5003
06 037 020010 2754 3515
06 037 020011 2293 2944
06 037 020012 2384 3066
06 037 020013 3823 4913
06 037 020014 4626 5939
06 037 020015 4102 5262
06 037 020016 1926 2506
06 037 020017 1514 1934
06 037 020018 4849 6198
06 037 020019 3470 4411
06 037 020020 5692 7273
06 037 020021 4056 5222
06 037 020022 3747 4789
06 037 020023 4213 5410
06 037 020024 3171 4103
06 037 020025 4047 5164
06 037 020026 1903 2427
06 037 020027 4986 6420
06 037 020028 4752 6105
06 037 020029 1808 2301
06 037 020030 2067 2692
06 037 020031 1961 2512
06 037 020032 2540 3275
06 037 020033 4656 5952
06 037 020034 992 1261
06 037 020035 4403 5645
06 037 020036 3370 4330
06 037 020037 4088 5242
06 037 020038 2939 3772
06 037 020039 2704 3447
06 037 020040 1755 2221
06 037 020041 3321 4225
06 037 020042 2981 3821
06 037 020043 2172 2747
06 037 020044 3990 5119
06 037 020045 3787 4863
06 037 020046 5371 6855
06 037 020047 3653 4686
06 037 020048 3663 4700
06 037 020049 2848 3683
06 037 020050 4000 5113
06 037 020051 1775 2284
06 037 020052 3425 4417
06 037 020053 4050 5194
06 037 020054 5768 7362
06 037 020055 4170 5365
06 037 020056 6363 8176
06 037 020057 2463 3160
06 037 020058 4203 5404
06 037 020059 4880 6251
06 037 020060 1931 2458
06 037 020061 2496 3136
06 037 020062 4769 6062
06 037 020063 2034 2638
06 037 020064 3233 4137
06 037 020065 2585 3334
06 037 020066 2802 3611
06 037 020067 3607 4605
06 037 020068 4420 5654
06 037 020069 1421 1823
06 037 020070 3807 4833
06 037 020071 2403 3039
06 037 020072 2590 3331
06 037 020073 4083 5181
06 037 020074 1976 2551
06 037 020075 4421 5642
06 037 020076 6007 7684
06 037 020077 4001 5149
06 037 020078 2064 2638
06 037 020079 3641 4639
06 037 020080 5106 6549
06 037 020081 3094 3959
06 037 020082 4304 5532
06 037 020083 2007 2594
06 037 020084 3757 4837
06 037 020085 3442 4405
06 037 020086 2912 3695
06 037 020087 5123 6571
06 037 020088 5333 6814
06 037 020089 3541 4590
06 037 020090 4996 6385
06 037 020091 2111 2666
06 037 020092 1374 1757
06 037 020093 2342 2982
06 037 020094 5047 6487
06 037 020095 5951 7606
06 037 020096 4319 5578
06 037 020097 2836 3634
06 037 020098 3470 4403
06 037 020099 1639 2127
06 037 020100 2957 3872
06 037 020101 3231 4149
06 037 020102 3327 4258
06 037 020103 4082 5245
06 037 020104 5357 6887
06 037 020105 4551 5774
06 037 020106 1942 2501
06 037 020107 4281 5508
06 037 020108 4030 5244
06 037 020109 1750 2270
06 037 020110 1970 2536
06 037 020111 3029 3842
06 037 020112 3930 5058
06 037 020113 4611 5941
06 037 020114 1544 1970
06 037 020115 2965 3787
06 037 020116 5366 6891
06 037 020117 3114 3979
06 037 020118 2706 3446
06 037 020119 3018 3900
06 037 020120 1152 1485
06 037 020121 2250 2921
06 037 020122 2934 3756
06 037 020123 3914 5053
06 037 020124 3229 4120
06 037 020125 2139 2753
06 037 020126 765 976
06 037 020127 3288 4229
06 037 020128 559 746
06 037 020129 3532 4561
06 037 020130 4190 5366
06 037 020131 3522 4498
06 037 020132 2586 3293
06 037 020133 1382 1754
06 037 020134 4615 5953
06 037 020135 2067 2671
06 037 020136 2599 3329
06 037 020137 1529 1969
06 037 020138 3549 4558
06 037 020139 2178 2804
06 037 020140 1886 2434
06 037 020141 3474 4462
06 037 020142 4352 5579
06 037 020143 2882 3634
06 037 020144 2310 2952
06 037 020145 3610 4656
06 037 020146 5042 6469
06 037 020147 4171 5342
06 037 020148 2786 3567
06 037 020149 3177 4093
06 037 020150 3505 4474
06 037 020151 2974 3745
06 037 020152 1934 2506
06 037 020153 1977 2566
06 037 020154 2914 3758
06 037 020155 2545 3239
06 037 020156 5003 6412
06 037 020157 2047 2618
06 037 020158 4341 5536
06 037 020159 1018 1275
06 037 020160 2001 2591
06 037 020161 1697 2171
06 037 020162 3934 5070
06 037 020163 4683 6020
06 037 020164 4127 5338
06 037 020165 3909 5014
06 037 020166 2986 3869
06 037 020167 4328 5537
06 037 020168 1641 2100
06 037 020169 3229 4145
06 037 020170 5181 6651
06 037 020171 2178 2792
06 037 020172 4448 5684
06 037 020173 2301 2950
06 037 020174 3514 4512
06 037 020175 3744 4776
06 037 020176 4812 6159
06 037 020177 4369 5596
06 037 020178 3945 5071
06 037 020179 3997 5133
06 037 020180 4703 6072
06 037 020181 3961 5088
06 037 020182 1630 2080
06 037 020183 2904 3745
06 037 020184 1840 2370
06 037 020185 4392 5665
06 037 020186 2388 3052
06 037 020187 4219 5374
06 037 020188 858 1090
06 037 020189 2935 3781
06 037 020190 3661 4716
06 037 020191 2409 3157
06 037 020192 3609 4623
06 037 020193 3996 5159
06 037 020194 2925 3744
06 037 020195 3239 4189
06 037 020196 4154 5319
06 037 020197 3408 4368
06 037 020198 3941 5037
06 037 020199 3164 4055
06 037 020200 2736 3498
06 037 020201 4252 5423
06 037 020202 3652 4673
06 037 020203 1864 2380
06 037 020204 2629 3348
06 037 020205 2674 3427
06 037 020206 2078 2712
06 037 020207 5876 7536
06 037 020208 1161 1452
06 037 020209 2351 3012
06 037 020210 4689 6023
06 037 020211 3875 5007
06 037 020212 5659 7234
06 037 020213 2987 3787
06 037 020214 2535 3257
06 037 020215 4328 5573
06 037 020216 2063 2647
06 037 020217 4055 5251
06 037 020218 2191 2833
06 037 020219 4405 5606
06 037 020220 1413 1816
06 037 020221 3877 4995
06 037 020222 3020 3888
06 037 020223 5237 6710
06 037 020224 3921 4995
06 037 020225 3388 4364
06 037 020226 3413 4394
06 037 020227 4031 5169
06 037 020228 3005 3869
06 037 020229 4082 5262
06 037 020230 2445 3142
06 037 020231 1736 2235
06 037 020232 3574 4596
06 037 020233 3276 4243
06 037 020234 3276 4225
06 037 020235 1096 1414
06 037 020236 3821 4951
06 037 020237 2618 3381
06 037 020238 3849 4978
06 037 020239 2966 3777
06 037 020240 3535 4519
06 037 020241 4238 5428
06 037 020242 4611 5929
06 037 020243 4023 5200
06 037 020244 1469 1833
06 037 020245 1682 2144
06 037 020246 2296 2910
06 037 020247 4338 5576
06 037 020248 2151 2786
06 037 020249 3774 4777
06 037 020250 3060 3948
06 037 020251 3314 4210
06 037 020252 3056 3852
06 037 020253 3723 4775
06 037 020254 4113 5277
06 037 020255 3190 4112
06 037 020256 1966 2507
06 037 020257 2462 3138
06 037 020258 2178 2789
06 037 020259 3280 4215
06 037 020260 2675 3418
06 037 020261 2710 3480
06 037 020262 3715 4755
06 037 020263 4619 5930
06 037 020264 2849 3632
06 037 020265 2558 3268
06 037 020266 3190 4123
06 037 020267 3818 4895
06 037 020268 3687 4748
06 037 020269 2049 2646
06 037 020270 1023 1299
06 037 020271 3615 4669
06 037 020272 2818 3649
06 037 020273 5614 7194
06 037 020274 2712 3466
06 037 020275 3535 4560
06 037 020276 3743 4832
06 037 020277 4264 5465
06 037 020278 4468 5763
06 037 020279 2204 2800
06 037 020280 3578 4570
06 037 020281 2383 2994
06 037 020282 3653 4709
06 037 020283 1698 2196
06 037 020284 1849 2355
06 037 020285 3891 4961
06 037 020286 2982 3794
06 037 020287 3845 4915
06 037 020288 824 1100
06 037 020289 2604 3353
06 037 020290 4465 5721
06 037 020291 3440 4385
06 037 020292 3960 5069
06 037 020293 4176 5355
06 037 020294 5032 6424
06 037 020295 3439 4407
06 037 020296 2361 3028
06 037 020297 4368 5601
06 037 020298 1784 2280
06 037 020299 5447 6988
06 037 020300 3576 4613
06 037 020301 3036 3901
06 037 020302 4685 6003
06 037 020303 2033 2600
06 037 020304 5213 6703
06 037 020305 4305 5526
06 037 020306 3400 4361
06 037 020307 4557 5857
06 037 020308 2589 3335
06 037 020309 5381 6914
06 037 020310 3499 4494
06 037 020311 2335 3031
06 037 020312 3387 4324
06 037 020313 3018 3876
06 037 020314 3603 4623
06 037 020315 3554 4583
06 037 020316 3645 4653
06 037 020317 5275 6767
06 037 020318 2336 2982
06 037 020319 3736 4795
06 037 030000 1983 2536
06 037 030001 3134 3981
06 037 030002 2001 2509
06 037 030003 3436 4393
06 037 030004 2573 3221
06 037 030005 4122 5290
06 037 030006 2378 3059
06 037 030007 3604 4643
06 037 030008 4359 5621
06 037 030009 3452 4411
06 037 030010 2484 3224
06 037 030011 3916 4989
06 037 030012 3892 4970
06 037 030013 4463 5735
06 037 030014 3785 4858
06 037 030015 2298 2966
06 037 030016 2389 3097
06 037 030017 2763 3576
06 037 030018 3824 4967
06 037 030019 3880 4961
06 037 030020 1400 1810
06 037 030021 1419 1851
06 037 030022 2002 2503
06 037 030023 2863 3694
06 037 030024 3321 4277
06 037 030025 1189 1525
06 037 030026 2205 2824
06 037 030027 3343 4279
06 037 030028 4412 5643
06 037 030029 2551 3269
06 037 030030 3489 4476
06 037 030031 1257 1598
06 037 030032 2925 3773
06 037 030033 2259 2937
06 037 030034 3759 4839
06 037 030035 1928 2464
06 037 030036 5025 6463
06 037 030037 3300 4229
06 037 030038 4427 5623
06 037 030039 3564 4545
06 037 030040 1336 1746
06 037 030041 5369 6911
06 037 030042 2789 3567
06 037 030043 4084 5247
06 037 030044 3853 4943
06 037 030045 2038 2648
06 037 030046 3413 4350
06 037 030047 2457 3137
06 037 030048 4460 5690
06 037 030049 1933 2502
06 037 030050 3073 3978
06 037 030051 4139 5355
06 037 030052 3092 3949
06 037 030053 3338 4289
06 037 030054 3292 4209
06 037 030055 4429 5638
06 037 030056 3800 4900
06 037 030057 4483 5761
06 037 030058 3814 4893
06 037 030059 2101 2704
06 037 030060 3136 4029
06 037 030061 4014 5137
06 037 030062 4312 5525
06 037 030063 3249 4207
06 037 030064 3004 3868
06 037 030065 2053 2647
06 037 030066 4036 5160
06 037 030067 2452 3127
06 037 030068 3745 4818
06 037 030069 4348 5548
06 037 030070 5176 6647
06 037 030071 5312 6818
06 037 030072 2863 3672
06 037 030073 3806 4869
06 037 030074 2252 2853
06 037 030075 3548 4540
06 037 030076 2390 3051
06 037 030077 4081 5220
06 037 030078 2101 2711
06 037 030079 1645 2054
06 037 030080 3353 4292
06 037 030081 1908 2448
06 037 030082 5207 6746
06 037 030083 2501 3204
06 037 030084 3132 4050
06 037 030085 2428 3116
06 037 030086 2966 3805
06 037 030087 4983 6375
06 037 030088 4512 5841
06 037 030089 2856 3729
06 037 030090 2541 3259
06 037 030091 2951 3750
06 037 030092 4325 5572
06 037 030093 1571 2024
06 037 030094 2494 3222
06 037 030095 3229 4160
06 037 030096 3005 3844
06 037 030097 3656 4662
06 037 030098 3876 4975
06 037 030099 2172 2765
06 037 030100 1291 1661
06 037 030101 4152 5294
06 037 030102 3563 4560
06 037 030103 2620 3345
06 037 030104 1843 2359
06 037 030105 866 1099
06 037 030106 2938 3754
06 037 030107 1702 2187
06 037 030108 2022 2559
06 037 030109 3620 4678
06 037 030110 5643 7276
06 037 030111 3131 4022
06 037 030112 3925 5032
06 037 030113 2698 3469
06 037 030114 2365 3083
06 037 030115 6128 7841
06 037 030116 2183 2850
06 037 030117 3644 4682
06 037 030118 3272 4203
06 037 030119 3275 4191
06 037 030120 4788 6173
06 037 030121 2309 2965
06 037 030122 3779 4819
06 037 030123 4877 6231
06 037 030124 2211 2852
06 037 030125 4772 6117
06 037 030126 2687 3446
06 037 030127 4298 5517
06 037 030128 2784 3546
06 037 030129 3380 4323
06 037 030130 6386 8206
06 037 030131 3783 4840
06 037 030132 3750 4755
06 037 030133 2094 2673
06 037 030134 2103 2683
06 037 030135 3806 4887
06 037 030136 1346 1716
06 037 030137 1364 1723
06 037 030138 2496 3230
06 037 030139 3295 4210
06 037 030140 2522 3220
06 037 030141 3520 4512
06 037 030142 1975 2546
06 037 030143 4969 6342
06 037 030144 2578 3288
06 037 030145 1311 1717
06 037 030146 4055 5190
06 037 030147 1821 2337
06 037 030148 3223 4116
06 037 030149 3001 3869
06 037 030150 3041 3844
06 037 030151 3785 4853
06 037 030152 2255 2884
06 037 030153 2172 2819
06 037 030154 730 905
06 037 030155 4433 5687
06 037 030156 2657 3414
06 037 030157 3930 5081
06 037 030158 1427 1848
06 037 030159 3150 4067
06 037 030160 3995 5124
06 037 030161 4760 6110
06 037 030162 3730 4811
06 037 030163 2883 3702
06 037 030164 1129 1450
06 037 030165 2806 3620
06 037 030166 3531 4466
06 037 030167 3053 3915
06 037 030168 2899 3739
06 037 030169 4390 5589
06 037 030170 3227 4172
06 037 030171 4580 5856
06 037 030172 3668 4740
06 037 030173 3755 4758
06 037 030174 4766 6105
06 037 030175 2952 3791
06 037 030176 3743 4794
06 037 030177 2300 2992
06 037 030178 5845 7483
06 037 030179 2141 2768
06 037 030180 3111 4021
06 037 030181 3740 4828
06 037 030182 2680 3423
06 037 030183 3689 4754
06 037 030184 2732 3532
06 037 030185 3071 3991
06 037 030186 2747 3570
06 037 030187 4261 5437
06 037 030188 1282 1680
06 037 030189 3133 4037
06 037 030190 2766 3506
06 037 030191 5458 7030
06 037 030192 2000 2603
06 037 030193 3397 4345
06 037 030194 2220 2892
06 037 030195 3677 4703
06 037 030196 1949 2467
06 037 030197 3019 3924
06 037 030198 4155 5310
06 037 030199 1770 2274
06 037 030200 2885 3704
06 037 030201 2991 3843
06 037 030202 2509 3222
06 037 030203 4038 5208
06 037 030204 2883 3694
06 037 030205 3147 4051
06 037 030206 5331 6845
06 037 030207 4171 5406
06 037 030208 5302 6809
06 037 030209 2451 3135
06 037 030210 2229 2890
06 037 030211 5498 7042
06 037 030212 4586 5887
06 037 030213 5045 6477
06 037 030214 2570 3287
06 037 030215 2674 3426
06 037 030216 5107 6576
06 037 030217 4290 5478
06 037 030218 3437 4439
06 037 030219 2831 3634
06 037 030220 1993 2576
06 037 030221 2195 2820
06 037 030222 2853 3656
06 037 030223 3476 4456
06 037 030224 3232 4155
06 037 030225 3847 4956
06 037 030226 3192 4085
06 037 030227 2597 3299
06 037 030228 2481 3185
06 037 030229 1871 2395
06 037 030230 2831 3614
06 037 030231 2092 2695
06 037 030232 2191 2861
06 037 030233 4369 5608
06 037 030234 2551 3284
06 037 030235 1832 2330
06 037 030236 3302 4189
06 037 030237 1789 2274
06 037 030238 3544 4520
06 037 030239 3180 4067
06 037 030240 1823 2337
06 037 030241 3252 4131
06 037 030242 4730 6068
06 037 030243 2905 3709
06 037 030244 2220 2869
06 037 030245 2975 3825
06 037 030246 1831 2283
06 037 030247 2620 3319
06 037 030248 3304 4237
06 037 030249 2326 2971
06 037 030250 3461 4452
06 037 030251 4990 6375
06 037 030252 4053 5192
06 037 030253 3740 4784
06 037 030254 2740 3537
06 037 030255 4003 5140
06 037 030256 3842 4939
06 037 030257 1447 1857
06 037 030258 3073 3940
06 037 030259 5178 6650
06 037 030260 2602 3372
06 037 030261 2596 3376
06 037 030262 6478 8308
06 037 030263 3090 3986
06 037 030264 4977 6383
06 037 030265 5108 6559
06 037 030266 1875 2361
06 037 030267 3629 4652
06 037 030268 2459 3175
06 037 030269 5188 6647
06 037 030270 3100 3958
06 037 030271 3674 4693
06 037 030272 2215 2873
06 037 030273 2678 3442
06 037 030274 4475 5732
06 037 030275 3602 4623
06 037 030276 2737 3561
06 037 030277 1955 2478
06 037 030278 3208 4098
06 037 030279 2235 2897
06 037 030280 2333 3023
06 037 030281 4141 5305
06 037 030282 1217 1570
06 037 030283 3119 3995
06 037 030284 4505 5778
06 037 030285 2948 3789
06 037 030286 1864 2367
06 037 030287 3548 4547
06 037 030288 4369 5623
06 037 030289 2837 3668
06 037 030290 3118 4007
06 037 030291 3717 4778
06 037 030292 2076 2692
06 037 030293 4586 5860
06 037 030294 2944 3768
06 037 030295 3018 3859
06 037 030296 3515 4479
06 037 030297 3597 4541
06 037 030298 2132 2722
06 037 030299 3937 5095
06 037 030300 3036 3883
06 037 030301 3908 5022
06 037 030302 2515 3224
06 037 030303 1584 2039
06 037 030304 2898 3680
06 037 030305 3986 5122
06 037 030306 1832 2301
06 037 030307 2864 3639
06 037 030308 4715 6087
06 037 030309 2967 3848
06 037 030310 3476 4527
06 037 030311 2676 3403
06 037 030312 774 1009
06 037 030313 3709 4747
06 037 030314 3194 4102
06 037 030315 3730 4778
06 037 030316 2560 3286
06 037 030317 2163 2732
06 037 030318 4108 5265
06 037 030319 3085 3987
06 037 030320 3819 4927
06 037 030321 3516 4501
06 037 030322 2048 2626
06 037 030323 2553 3273
06 037 030324 2537 3319
06 037 030325 2112 2711
06 037 030326 4081 5219
06 037 030327 4274 5510
06 037 030328 3165 4062
06 037 030329 4127 5292
06 037 030330 3906 5021
06 037 030331 3383 4280
06 037 030332 1820 2310
06 037 030333 2278 2906
06 037 030334 4507 5781
06 037 030335 2995 3854
06 037 030336 3362 4370
06 037 030337 1793 2343
06 037 030338 3132 4056
06 037 030339 5294 6781
06 037 030340 1952 2560
06 037 030341 3025 3857
06 037 030342 2421 3097
06 037 030343 2263 2903
06 037 030344 2565 3242
06 037 030345 2446 3135
06 037 030346 2903 3738
06 037 030347 4195 5395
06 037 030348 4100 5261
06 037 030349 3911 4994
06 037 030350 2804 3583
06 037 030351 4159 5335
06 037 030352 2268 2921
06 037 030353 2470 3154
06 037 030354 2958 3818
06 037 030355 3898 5005
06 037 030356 3048 3960
06 037 030357 3260 4150
06 037 030358 4321 5566
06 037 030359 4187 5357
06 037 030360 3753 4801
06 037 030361 2982 3817
06 037 030362 3692 4760
06 037 030363 4393 5640
06 037 030364 2953 3773
06 037 030365 4479 5742
06 037 030366 1675 2128
06 037 030367 3191 4128
06 037 030368 2780 3542
06 037 030369 4430 5663
06 037 030370 3410 4374
06 037 030371 2899 3727
06 037 030372 4792 6177
06 037 030373 3525 4504
06 037 030374 2744 3527
06 037 030375 3074 3980
06 037 030376 3208 4095
06 037 030377 2889 3682
06 037 030378 2061 2655
06 037 030379 2467 3139
06 037 030380 4542 5828
06 037 030381 4520 5790
06 037 030382 3058 3950
06 037 030383 3999 5097
06 037 030384 2904 3744
06 037 030385 1635 2119
06 037 030386 2847 3654
06 037 030387 2469 3141
06 037 030388 3790 4833
06 037 030389 3312 4258
06 037 030390 3628 4628
06 037 030391 3055 3943
06 037 030392 3912 4965
06 037 030393 4645 5954
06 037 030394 2676 3395
06 037 030395 3557 4548
06 037 030396 4268 5498
06 037 030397 5252 6704
06 037 030398 5488 7038
06 037 030399 4056 5198
06 037 030400 1902 2458
06 037 030401 3737 4800
06 037 030402 1201 1577
06 037 030403 3659 4686
06 037 030404 3576 4551
06 037 030405 3477 4421
06 037 030406 991 1244
06 037 030407 3276 4216
06 037 040000 5705 7336
06 037 040001 3197 4118
06 037 040002 4899 6313
06 037 040003 2325 2976
06 037 040004 3067 3928
06 037 040005 3694 4766
06 037 040006 4384 5624
06 037 040007 2433 3168
06 037 040008 2566 3258
06 037 040009 2717 3479
06 037 040010 4161 5328
06 037 040011 2767 3599
06 037 040012 4343 5587
06 037 040013 2340 2969
06 037 040014 3026 3883
06 037 040015 3956 5087
06 037 040016 3166 4086
06 037 040017 2965 3804
06 037 040018 3848 4898
06 037 040019 1951 2489
06 037 040020 3110 4012
06 037 040021 3170 4061
06 037 040022 4463 5713
06 037 040023 955 1243
06 037 040024 3284 4196
06 037 040025 2847 3674
06 037 040026 1647 2169
06 037 040027 2581 3317
06 037 040028 3172 4070
06 037 040029 3061 3940
06 037 040030 1873 2393
06 037 040031 2569 3256
06 037 040032 4644 5973
06 037 040033 2675 3486
06 037 040034 5404 6940
06 037 040035 1986 2522
06 037 040036 2731 3474
06 037 040037 3226 4119
06 037 040038 4540 5812
06 037 040039 4558 5872
06 037 040040 4338 5558
06 037 040041 2656 3399
06 037 040042 2936 3740
06 037 040043 2669 3455
06 037 040044 5314 6838
06 037 040045 4805 6189
06 037 040046 999 1292
06 037 040047 3455 4450
06 037 040048 5430 6972
06 037 040049 3330 4273
06 037 040050 2676 3438
06 037 040051 3021 3891
06 037 040052 3454 4473
06 037 040053 4842 6237
06 037 040054 2679 3444
06 037 040055 2460 3170
06 037 040056 3099 3962
06 037 040057 1266 1574
06 037 040058 3271 4147
06 037 040059 2300 2967
06 037 040060 2146 2728
06 037 040061 3171 4066
06 037 040062 2967 3868
06 037 040063 3134 4028
06 037 040064 1576 2032
06 037 040065 1687 2120
06 037 040066 1907 2450
06 037 040067 3092 3978
06 037 040068 2739 3502
06 037 040069 1897 2451
06 037 040070 1060 1362
06 037 040071 5276 6745
06 037 040072 4255 5436
06 037 040073 4910 6277
06 037 040074 1985 2549
06 037 040075 5635 7224
06 037 040076 2115 2741
06 037 040077 3528 4528
06 037 040078 1634 2103
06 037 040079 2890 3702
06 037 040080 2605 3318
06 037 040081 5647 7255
06 037 040082 2540 3267
06 037 040083 1358 1762
06 037 040084 804 1030
06 037 040085 5654 7245
06 037 040086 3075 3922
06 037 040087 2392 3085
06 037 040088 2382 3050
06 037 040089 2438 3132
06 037 040090 2402 3096
06 037 040091 2334 2968
06 037 040092 3927 4997
06 037 040093 2449 3162
06 037 040094 3119 4003
06 037 040095 3148 4041
06 037 040096 2146 2738
06 037 040097 4407 5649
06 037 040098 2960 3774
06 037 040099 2937 3776
06 037 040100 4630 5899
06 037 040101 3578 4588
06 037 040102 6058 7756
06 037 040103 1740 2209
06 037 040104 2090 2678
06 037 040105 4925 6365
06 037 040106 2649 3382
06 037 040107 2822 3553
06 037 040108 3708 4752
06 037 040109 2795 3563
06 037 040110 1176 1516
06 037 040111 2598 3331
06 037 040112 4016 5200
06 037 040113 2425 3089
06 037 040114 3670 4705
06 037 040115 2905 3717
06 037 040116 3533 4577
06 037 040117 2540 3265
06 037 040118 2041 2611
06 037 040119 3168 4071
06 037 040120 2297 2927
06 037 040121 4270 5462
06 037 040122 2945 3779
06 037 040123 3782 4825
06 037 040124 3242 4160
06 037 040125 3900 5012
06 037 040126 2003 2617
06 037 040127 1391 1775
06 037 040128 2380 3073
06 037 040129 2919 3739
06 037 040130 3572 4564
06 037 040131 4214 5403
06 037 040132 3614 4618
06 037 040133 3377 4352
06 037 040134 3726 4731
06 037 040135 2911 3719
06 037 040136 2450 3123
06 037 040137 2642 3351
06 037 040138 2069 2659
06 037 040139 2711 3479
06 037 040140 4978 6368
06 037 040141 3602 4634
06 037 040142 4934 6387
06 037 040143 2205 2839
06 037 040144 1103 1434
06 037 040145 3459 4450
06 037 040146 4219 5415
06 037 040147 1204 1569
06 037 040148 3380 4326
06 037 040149 1598 2004
06 037 040150 2601 3341
06 037 040151 2396 3062
06 037 040152 3556 4511
06 037 040153 3881 4953
06 037 040154 3827 4877
06 037 040155 3156 4103
06 037 040156 2160 2802
06 037 040157 3437 4427
06 037 040158 1535 1972
06 037 040159 3915 4999
06 037 040160 2277 2910
06 037 040161 4271 5476
06 037 040162 2365 3071
06 037 040163 3406 4415
06 037 040164 3436 4412
06 037 040165 5853 7491
06 037 040166 2876 3633
06 037 040167 1539 2001
06 037 040168 4278 5506
06 037 040169 3057 3891
06 037 040170 2763 3566
06 037 040171 1300 1643
06 037 040172 4828 6213
06 037 040173 1524 1988
06 037 040174 3166 4024
06 037 040175 3260 4194
06 037 040176 2248 2907
06 037 040177 3514 4451
06 037 040178 4229 5408
06 037 040179 2185 2771
06 037 040180 2087 2710
06 037 040181 1213 1530
06 037 040182 3407 4366
06 037 040183 4555 5863
06 037 040184 2851 3620
06 037 040185 3207 4100
06 037 040186 4878 6259
06 037 040187 2840 3661
06 037 040188 4141 5249
06 037 040189 3907 4998
06 037 040190 3769 4835
06 037 040191 1526 1943
06 037 040192 3346 4295
06 037 040193 2675 3409
06 037 040194 4524 5787
06 037 040195 5028 6462
06 037 040196 3720 4754
06 037 040197 2481 3206
06 037 040198 2959 3793
06 037 040199 1694 2174
06 037 040200 2784 3536
06 037 040201 2815 3581
06 037 040202 3143 4030
06 037 040203 2742 3461
06 037 040204 1488 1854
06 037 040205 2784 3578
06 037 040206 3851 4943
06 037 040207 4496 5758
06 037 040208 1253 1628
06 037 040209 5991 7683
06 037 040210 2902 3704
06 037 040211 3085 3949
06 037 040212 4876 6238
06 037 040213 2173 2824
06 037 040214 2306 2977
06 037 040215 3203 4107
06 037 040216 3080 3929
06 037 040217 3352 4269
06 037 040218 3351 4286
06 037 040219 2287 2914
06 037 040220 1052 1351
06 037 040221 2330 3006
06 037 040222 5223 6702
06 037 040223 3756 4814
06 037 040224 4567 5849
06 037 040225 1409 1834
06 037 040226 1718 2253
06 037 040227 4417 5642
06 037 040228 967 1210
06 037 040229 3674 4727
06 037 040230 1131 1459
06 037 040231 2533 3238
06 037 040232 3149 4032
06 037 040233 1325 1656
06 037 040234 2786 3550
06 037 040235 4300 5508
06 037 040236 4108 5259
06 037 040237 3516 4532
06 037 040238 2203 2820
06 037 040239 4485 5716
06 037 040240 3045 3923
06 037 040241 2151 2734
06 037 040242 2987 3813
06 037 040243 2257 2891
06 037 040244 4050 5204
06 037 040245 2607 3358
06 037 040246 3315 4256
06 037 040247 4064 5198
06 037 040248 2781 3525
06 037 040249 3461 4427
06 037 040250 4288 5463
06 037 040251 2236 2853
06 037 040252 2505 3164
06 037 040253 3245 4178
06 037 040254 3590 4645
06 037 040255 2266 2903
06 037 040256 2238 2836
06 037 040257 2451 3135
06 037 040258 4293 5555
06 037 040259 3197 4169
06 037 040260 3708 4730
06 037 040261 1689 2162
06 037 040262 2818 3583
06 037 040263 2426 3085
06 037 040264 3722 4807
06 037 040265 2674 3404
06 037 040266 5081 6524
06 037 040267 2230 2804
06 037 040268 1213 1574
06 037 040269 3414 4376
06 037 040270 5642 7188
06 037 040271 3857 4975
06 037 040272 3220 4125
06 037 040273 1018 1292
06 037 040274 2419 3110
06 037 040275 3699 4780
06 037 040276 1696 2220
06 037 040277 3534 4548
06 037 040278 3150 4025
06 037 040279 3512 4504
06 037 040280 5595 7204
06 037 040281 4303 5482
06 037 040282 1781 2307
06 037 040283 2759 3558
06 037 040284 3230 4115
06 037 040285 4978 6346
06 037 040286 3834 4940
06 037 040287 3521 4541
06 037 040288 2040 2571
06 037 040289 4847 6214
06 037 040290 5495 7040
06 037 040291 2595 3334
06 037 040292 4042 5218
06 037 040293 3586 4617
06 037 040294 4038 5167
06 037 040295 3953 5045
06 037 040296 3258 4181
06 037 040297 1299 1698
06 037 040298 2405 3042
06 037 040299 4395 5654
06 037 040300 5985 7664
06 037 040301 4811 6196
06 037 040302 4081 5222
06 037 040303 3818 4870
06 037 040304 2185 2766
06 037 040305 3642 4653
06 037 040306 5803 7417
06 037 040307 2584 3328
06 037 040308 3216 4104
06 037 040309 3763 4805
06 037 040310 2337 3001
06 037 040311 2696 3481
06 037 040312 2687 3455
06 037 040313 2794 3607
06 037 040314 4392 5685
06 037 040315 4386 5611
06 037 040316 3086 3944
06 037 040317 2639 3396
06 037 040318 4726 6078
06 037 040319 3660 4695
06 037 040320 5659 7227
06 037 040321 2949 3803
06 037 040322 3539 4518
06 037 040323 3862 4908
06 037 040324 4218 5419
06 037 040325 2175 2829
06 037 040326 3186 4114
06 037 040327 1094 1389
06 037 040328 4132 5286
06 037 040329 3002 3872
06 037 040330 2988 3821
06 037 040331 2846 3663
06 037 040332 3533 4520
06 037 040333 1004 1281
06 037 040334 2130 2727
06 037 040335 4417 5638
06 037 040336 3983 5116
06 037 040337 5045 6430
06 037 040338 4274 5511
06 037 040339 3426 4413
06 037 040340 2752 3485
06 037 040341 3806 4893
06 037 040342 4713 6083
06 037 040343 5094 6554
06 037 040344 2924 3782
06 037 040345 2865 3671
06 037 040346 4415 5611
06 037 040347 3331 4266
06 037 040348 4361 5595
06 037 040349 2392 3024
06 037 040350 3312 4277
06 037 040351 1447 1843
06 037 040352 3409 4326
06 037 040353 2641 3405
06 037 040354 3686 4724
06 037 040355 3496 4467
06 037 040356 3460 4461
06 037 040357 2753 3537
06 037 040358 3139 4028
06 037 040359 6080 7791
06 037 040360 5505 7070
06 037 040361 595 775
06 037 040362 2263 2954
06 037 040363 2189 2772
06 037 040364 641 811
06 037 040365 2991 3829
06 037 040366 1726 2196
06 037 040367 3328 4273
06 037 040368 3105 3989
06 037 040369 3405 4399
06 037 040370 1924 2473
06 037 040371 2518 3259
06 037 040372 3214 4058
06 037 040373 5232 6674
06 037 040374 4426 5639
06 037 040375 2748 3503
06 037 040376 1417 1778
06 037 040377 3638 4671
06 037 040378 1507 1973
06 037 040379 4150 5269
06 037 040380 985 1251
06 037 040381 3736 4794
06 037 040382 5573 7188
06 037 040383 3460 4457
06 037 040384 3784 4791
06 037 040385 1876 2382
06 037 040386 2205 2825
06 037 040387 2259 2935
06 037 040388 4906 6290
06 037 040389 3481 4491
06 037 040390 2727 3500
06 037 040391 3232 4179
06 037 040392 1545 1938
06 037 040393 4129 5289
06 037 040394 1852 2433
06 037 040395 2212 2802
06 037 040396 4402 5658
06 037 040397 4444 5713
06 037 040398 3824 4937
06 037 040399 2563 3285
06 037 040400 4452 5682
06 037 040401 1258 1615
06 037 040402 3399 4358
06 037 040403 2583 3285
06 037 040404 3548 4545
06 037 040405 2673 3438
06 037 040406 3671 4682
06 037 040407 3185 4072
06 037 040408 3151 4012
06 037 040409 2214 2867
06 037 040410 2870 3654
06 037 040411 4134 5297
06 037 040412 3500 4435
06 037 040413 1498 1917
06 037 040414 892 1108
06 037 040415 975 1266
06 037 040416 2856 3653
06 037 040417 3274 4170
06 037 040418 2171 2788
06 037 040419 3665 4760
06 037 040420 3484 4466
06 037 040421 5674 7294
06 037 040422 1875 2426
06 037 040423 2935 3773
06 037 040424 2886 3707
06 037 040425 4628 5940
06 037 040426 3098 3980
06 037 040427 3199 4110
06 037 040428 1071 1331
06 037 040429 2993 3844
06 037 040430 4522 5766
06 037 040431 2772 3595
06 037 040432 3202 4116
06 037 040433 3178 4058
06 037 040434 2956 3768
06 037 040435 2480 3181
06 037 040436 4164 5358
06 037 040437 3439 4410
06 037 040438 597 748
06 037 040439 4437 5678
06 037 040440 1526 1973
06 037 040441 2646 3381
06 037 040442 4044 5154
06 037 040443 2342 3007
06 037 040444 5075 6480
06 037 040445 4792 6138
06 037 040446 3459 4457
06 037 040447 2621 3350
06 037 040448 3667 4714
06 037 040449 3696 4758
06 037 040450 4535 5843
06 037 040451 1803 2279
06 037 040452 3623 4620
06 037 040453 3623 4646
06 037 040454 4094 5259
06 037 040455 4339 5581
06 037 040456 4234 5393
06 037 040457 5572 7159
06 037 040458 4331 5575
06 037 040459 4266 5423
06 037 040460 2368 3027
06 037 040461 3019 3863
06 037 040462 3633 4672
06 037 040463 2725 3552
06 037 040464 956 1214
06 037 040465 732 934
06 037 040466 4416 5635
06 037 040467 2670 3406
06 037 040468 4469 5682
06 037 040469 3135 3993
06 037 040470 2615 3352
06 037 040471 5081 6559
06 037 040472 5193 6674
06 037 040473 2158 2710
06 037 040474 3070 3924
06 037 040475 2554 3254
06 037 040476 4037 5187
06 037 040477 4015 5137
06 037 040478 3549 4596
06 037 040479 617 825
06 037 040480 3815 4907
06 037 040481 2728 3541
06 037 040482 5189 6660
06 037 040483 1556 1980
06 037 040484 1778 2268
06 037 040485 4901 6300
06 037 040486 3384 4372
06 037 040487 3785 4812
06 037 040488 2650 3449
06 037 040489 2102 2731
06 037 040490 2467 3185
06 037 040491 2845 3665
06 037 040492 3525 4521
06 037 040493 5077 6479
06 037 040494 3553 4581
06 037 040495 3879 4983
06 037 040496 1770 2279
06 037 040497 1037 1320
06 037 040498 4132 5273
06 037 040499 2436 3135
06 037 040500 1475 1875
06 037 040501 2857 3627
06 037 040502 4382 5619
06 037 040503 2770 3578
06 037 040504 4169 5344
06 037 040505 1176 1498
06 037 040506 1383 1786
06 037 040507 2721 3489
06 037 040508 2723 3524
06 037 040509 3744 4857
06 037 040510 1645 2165
06 037 040511 1188 1520
06 037 040512 4547 5864
06 037 040513 2059 2645
06 037 040514 3549 4565
06 037 040515 3526 4555
06 037 040516 3025 3861
06 037 040517 1655 2149
06 037 040518 2894 3634
06 037 040519 4114 5275
06 037 040520 3051 3909
06 037 040521 3520 4535
06 037 040522 1766 2242
06 037 040523 3286 4182
06 037 040524 4081 5241
06 037 040525 3268 4204
06 037 040526 1469 1904
06 037 040527 4701 6054
06 037 040528 1333 1729
06 037 040529 2463 3111
06 037 040530 4239 5418
06 037 040531 2749 3544
06 037 040532 4494 5789
06 037 040533 2079 2647
06 037 040534 2943 3755
06 037 040535 3159 4057
06 037 040536 2498 3222
06 037 040537 4324 5553
06 037 040538 2319 2915
06 037 040539 3511 4534
06 037 040540 4166 5292
06 037 040541 1256 1630
06 037 040542 4284 5479
06 037 040543 2953 3780
06 037 040544 4058 5192
06 037 040545 4569 5797
06 037 040546 5510 7068
06 037 040547 4516 5808
06 037 040548 4429 5661
06 037 040549 2824 3656
06 037 040550 3007 3832
06 037 040551 2551 3290
06 037 040552 5076 6498
06 037 040553 4156 5349
06 037 040554 2699 3428
06 037 040555 1716 2185
06 037 040556 2891 3740
06 037 040557 3333 4248
06 037 040558 2396 3088
06 037 040559 2699 3478
06 037 040560 3623 4624
06 037 040561 2521 3245
06 037 040562 3435 4446
06 037 040563 3079 3924
06 037 040564 1086 1425
06 037 040565 2392 3051
06 037 040566 4787 6126
06 037 040567 2547 3225
06 037 040568 3258 4147
06 037 040569 2999 3860
06 037 040570 3446 4386
06 037 040571 3205 4099
06 037 040572 1362 1695
06 037 040573 1133 1448
06 037 040574 2738 3513
06 037 040575 3350 4305
06 037 040576 2660 3390
06 037 040577 4804 6152
06 037 040578 3753 4802
06 037 040579 3555 4550
06 037 040580 4432 5696
06 037 040581 3895 5014
06 037 040582 4242 5450
06 037 040583 1195 1529
06 037 040584 4282 5485
06 037 040585 2566 3308
06 037 040586 3284 4192
06 037 040587 2564 3279
06 037 040588 2555 3251
06 037 040589 2961 3803
06 037 040590 642 821
06 037 040591 1629 2056
06 037 040592 3221 4166
06 037 040593 3191 4064
06 037 040594 2834 3639
06 037 040595 812 1077
06 037 040596 2796 3593
06 037 040597 3364 4327
06 037 040598 2301 2956
06 037 040599 4048 5162
06 037 040600 4366 5620
06 037 040601 1736 2246
06 037 040602 3992 5105
06 037 040603 3694 4752
06 037 040604 1833 2346
06 037 040605 3827 4871
06 037 040606 4168 5340
06 037 040607 4135 5366
06 037 040608 2256 2899
06 037 040609 3156 4019
06 037 040610 3883 4975
06 037 040611 2982 3784
06 037 040612 3613 4658
06 037 040613 4345 5531
06 037 040614 6050 7760
06 037 040615 1690 2187
06 037 040616 2219 2884
06 037 040617 4977 6421
06 037 040618 4572 5883
06 037 040619 5489 7003
06 037 040620 1731 2238
06 037 040621 3369 4282
06 037 040622 2230 2833
06 037 040623 978 1285
06 037 040624 3067 3965
06 037 040625 1854 2352
06 037 040626 5736 7378
06 037 040627 4608 5876
06 037 040628 2361 3052
06 037 040629 2074 2647
06 037 040630 2663 3401
06 037 040631 4963 6394
06 037 040632 3352 4292
06 037 040633 4726 6041
06 037 040634 3558 4526
06 037 040635 2615 3349
06 037 040636 5726 7357
06 037 040637 4972 6362
06 037 040638 1688 2186
06 037 040639 5303 6830
06 037 040640 2454 3097
06 037 040641 2274 2896
06 037 040642 5986 7660
06 037 040643 2515 3253
06 037 040644 4275 5521
06 037 040645 2799 3551
06 037 040646 1239 1564
06 037 040647 3523 4517
06 037 040648 3285 4232
06 037 040649 3161 4022
06 037 040650 3517 4496
06 037 040651 2386 3044
06 037 040652 1661 2166
06 037 040653 3143 4044
06 037 040654 717 877
06 037 040655 1630 2038
06 037 040656 2890 3768
06 037 040657 3595 4638
06 037 040658 2825 3635
06 037 040659 2797 3589
06 037 040660 4156 5332
06 037 040661 3758 4796
06 037 040662 5039 6486
06 037 040663 3909 4951
06 037 040664 1927 2436
06 037 040665 3995 5133
06 037 040666 2619 3370
06 037 040667 2787 3579
06 037 040668 5520 7045
06 037 040669 3023 3880
06 037 040670 2045 2656
06 037 040671 3048 3880
06 037 040672 3195 4097
06 037 040673 4813 6226
06 037 040674 2022 2560
06 037 040675 2785 3590
06 037 040676 2370 3041
06 037 040677 4776 6129
06 037 040678 2978 3796
06 037 040679 4950 6386
06 037 040680 2844 3654
06 037 040681 4012 5132
06 037 040682 3373 4316
06 037 040683 3693 4732
06 037 040684 2219 2821
06 037 040685 3126 4036
06 037 040686 2761 3519
06 037 040687 610 782
06 037 040688 3512 4544
06 037 040689 3511 4499
06 037 040690 2599 3340
06 037 050000 3898 4984
06 037 050001 2751 3507
06 037 050002 2986 3816
06 037 050003 4027 5162
06 037 050004 4352 5614
06 037 050005 3746 4804
06 037 050006 5438 7039
06 037 050007 3981 5116
06 037 050008 2123 2767
06 037 050009 3218 4118
06 037 050010 3310 4262
06 037 050011 2487 3191
06 037 050012 3308 4276
06 037 050013 3499 4475
06 037 050014 3656 4689
06 037 050015 3001 3872
06 037 050016 5561 7106
06 037 050017 2844 3648
06 037 050018 2593 3340
06 037 050019 5850 7460
06 037 050020 4579 5904
06 037 050021 2303 2947
06 037 050022 1974 2506
06 037 050023 3229 4180
06 037 050024 3430 4377
06 037 050025 4194 5365
06 037 050026 1970 2518
06 037 050027 1997 2562
06 037 050028 3278 4206
06 037 050029 3490 4474
06 037 050030 1131 1462
06 037 050031 2584 3302
06 037 050032 3617 4626
06 037 050033 1599 2063
06 037 050034 3591 4625
06 037 050035 2230 2846
06 037 050036 5018 6434
06 037 050037 3504 4510
06 037 050038 1823 2292
06 037 050039 1320 1723
06 037 050040 4950 6358
06 037 050041 1728 2169
06 037 050042 4144 5329
06 037 050043 5731 7360
06 037 050044 2998 3846
06 037 050045 2727 3462
06 037 050046 2727 3512
06 037 050047 1702 2222
06 037 050048 2005 2564
06 037 050049 4246 5444
06 037 050050 1300 1681
06 037 050051 5225 6687
06 037 050052 4343 5567
06 037 050053 3757 4840
06 037 050054 1971 2495
06 037 050055 4067 5256
06 037 050056 2523 3269
06 037 050057 4054 5207
06 037 050058 4764 6073
06 037 050059 2768 3559
06 037 050060 3411 4403
06 037 050061 5394 6919
06 037 050062 4211 5360
06 037 050063 3423 4397
06 037 050064 2222 2858
06 037 050065 1517 1912
06 037 050066 2252 2914
06 037 050067 4040 5156
06 037 050068 3428 4422
06 037 050069 3722 4753
06 037 050070 2686 3410
06 037 050071 3496 4467
06 037 050072 3226 4135
06 037 050073 5922 7567
06 037 050074 1190 1542
06 037 050075 4934 6323
06 037 050076 4973 6407
06 037 050077 2077 2666
06 037 050078 4532 5823
06 037 050079 2253 2868
06 037 050080 3856 4957
06 037 050081 3895 5065
06 037 050082 3893 4975
06 037 050083 3235 4161
06 037 050084 3202 4047
06 037 050085 2802 3586
06 037 050086 2484 3197
06 037 050087 3809 4851
06 037 050088 3975 5131
06 037 050089 2520 3216
06 037 050090 3060 3929
06 037 050091 4334 5504
06 037 050092 2867 3698
06 037 050093 2408 3039
06 037 050094 1120 1472
06 037 050095 2550 3285
06 037 050096 3082 3904
06 037 050097 3376 4318
06 037 050098 5294 6821
06 037 050099 1378 1785
06 037 050100 2312 2983
06 037 050101 2167 2735
06 037 050102 2564 3300
06 037 050103 3788 4860
06 037 050104 4365 5601
06 037 050105 3609 4614
06 037 050106 3299 4260
06 037 050107 2473 3146
06 037 050108 4776 6140
06 037 050109 2004 2559
06 037 050110 4487 5743
06 037 050111 3996 5143
06 037 050112 1653 2124
06 037 050113 3286 4170
06 037 050114 1045 1337
06 037 050115 4166 5316
06 037 050116 2526 3254
06 037 050117 3308 4237
06 037 050118 2146 2771
06 037 050119 4421 5634
06 037 050120 3728 4748
06 037 050121 3779 4856
06 037 050122 1539 1908
06 037 050123 2130 2739
06 037 050124 4026 5162
06 037 050125 1979 2545
06 037 050126 2775 3568
06 037 050127 3725 4806
06 037 050128 2645 3439
06 037 050129 3535 4561
06 037 050130 2665 3423
06 037 050131 2773 3562
06 037 050132 3728 4751
06 037 050133 1681 2193
06 037 050134 2564 3272
06 037 050135 4069 5237
06 037 050136 3990 5102
06 037 050137 3766 4841
06 037 050138 4850 6257
06 037 050139 3222 4141
06 037 050140 2080 2637
06 037 050141 3416 4407
06 037 050142 3263 4160
06 037 050143 3847 4930
06 037 050144 3516 4514
06 037 050145 3557 4549
06 037 050146 724 953
06 037 050147 3355 4332
06 037 050148 4220 5426
06 037 050149 2984 3804
06 037 050150 3482 4448
06 037 050151 2275 2902
06 037 050152 5243 6696
06 037 050153 3184 4063
06 037 050154 2603 3329
06 037 050155 2134 2740
06 037 050156 2667 3410
06 037 050157 3019 3904
06 037 050158 3366 4290
06 037 050159 2884 3725
06 037 050160 2739 3522
06 037 050161 2517 3267
06 037 050162 2410 3091
06 037 050163 4346 5540
06 037 050164 3220 4125
06 037 050165 1485 1901
06 037 050166 2338 2998
06 037 050167 3046 3892
06 037 050168 4197 5391
06 037 050169 1408 1756
06 037 050170 3121 4011
06 037 050171 3618 4682
06 037 050172 2479 3141
06 037 050173 1519 1936
06 037 050174 3002 3851
06 037 050175 2536 3247
06 037 050176 5947 7595
06 037 050177 4434 5672
06 037 050178 2664 3442
06 037 050179 3591 4591
06 037 050180 4250 5413
06 037 050181 2836 3596
06 037 050182 3606 4576
06 037 050183 3952 5055
06 037 050184 4727 6018
06 037 050185 2605 3357
06 037 050186 2393 3076
06 037 050187 2748 3494
06 037 050188 3953 5036
06 037 050189 3936 5053
06 037 050190 2806 3624
06 037 050191 3774 4856
06 037 050192 2773 3540
06 037 050193 4607 5875
06 037 050194 1636 2113
06 037 050195 2386 3080
06 037 050196 2973 3831
06 037 050197 2524 3254
06 037 050198 2789 3564
06 037 050199 2132 2727
06 037 050200 2387 3064
06 037 050201 3380 4332
06 037 050202 4136 5280
06 037 050203 1937 2493
06 037 050204 2293 2907
06 037 050205 1591 2055
06 037 050206 3693 4712
06 037 050207 3896 5015
06 037 050208 3538 4544
06 037 050209 969 1242
06 037 050210 3657 4667
06 037 050211 2856 3641
06 037 050212 3314 4203
06 037 050213 1445 1890
06 037 050214 3694 4759
06 037 050215 2313 2953
06 037 050216 4426 5676
06 037 050217 5845 7490
06 037 050218 3509 4520
06 037 050219 1697 2163
06 037 050220 4476 5749
06 037 050221 2336 2988
06 037 050222 3667 4712
06 037 050223 3766 4829
06 037 050224 3893 5009
06 037 050225 4161 5301
06 037 050226 2623 3375
06 037 050227 4699 6011
06 037 050228 4415 5672
06 037 050229 3445 4434
06 037 060000 2171 2833
06 037 060001 2451 3121
06 037 060002 2492 3232
06 037 060003 3771 4844
06 037 060004 3440 4368
06 037 060005 2862 3696
06 037 060006 5159 6595
06 037 060007 4062 5205
06 037 060008 2364 3044
06 037 060009 3314 4277
06 037 060010 1121 1422
06 037 060011 3299 4205
06 037 060012 4118 5270
06 037 060013 2400 3081
06 037 060014 2570 3296
06 037 060015 3935 5036
06 037 060016 2371 2999
06 037 060017 2529 3267
06 037 060018 2793 3556
06 037 060019 1958 2499
06 037 060020 2978 3876
06 037 060021 3314 4288
06 037 060022 3799 4898
06 037 060023 2907 3713
06 037 060024 2901 3749
06 037 060025 1697 2216
06 037 060026 3562 4572
06 037 060027 1771 2260
06 037 060028 2860 3644
06 037 060029 4994 6396
06 037 060030 2738 3482
06 037 060031 4863 6224
06 037 060032 4336 5565
06 037 060033 3466 4457
06 037 060034 1613 2089
06 037 060035 2750 3555
06 037 060036 4610 5902
06 037 060037 4132 5281
06 037 060038 1999 2553
06 037 060039 3379 4327
06 037 060040 5172 6623
06 037 060041 3813 4870
06 037 060042 3202 4125
06 037 060043 3807 4915
06 037 060044 3558 4536
06 037 060045 3004 3850
06 037 060046 2267 2911
06 037 060047 2865 3665
06 037 060048 3886 4988
06 037 060049 4044 5169
06 037 060050 2080 2646
06 037 060051 3483 4503
06 037 060052 1455 1819
06 037 060053 5343 6871
06 037 060054 5181 6631
06 037 060055 3342 4247
06 037 060056 2342 3012
06 037 060057 973 1218
06 037 060058 4090 5245
06 037 060059 2945 3779
06 037 060060 1362 1744
06 037 060061 3328 4311
06 037 060062 2184 2780
06 037 060063 3494 4551
06 037 060064 1780 2281
06 037 060065 2491 3198
06 037 060066 5490 7082
06 037 060067 3013 3907
06 037 060068 2090 2666
06 037 060069 3878 4936
06 037 060070 3331 4306
06 037 060071 1876 2354
06 037 060072 3547 4576
06 037 060073 3536 4532
06 037 060074 2431 3098
06 037 060075 5034 6420
06 037 060076 2537 3279
06 037 060077 3310 4233
06 037 060078 3732 4778
06 037 060079 5276 6788
06 037 060080 3062 3874
06 037 060081 3049 3924
06 037 060082 4475 5719
06 037 060083 1491 1909
06 037 060084 3792 4857
06 037 060085 2899 3727
06 037 060086 4416 5653
06 037 060087 4504 5737
06 037 060088 3919 5040
06 037 060089 2479 3182
06 037 060090 2753 3518
06 037 060091 3216 4113
06 037 060092 2735 3477
06 037 060093 3856 4914
06 037 060094 2374 3039
06 037 060095 3713 4749
06 037 060096 4466 5741
06 037 060097 4430 5706
06 037 060098 3850 4909
06 037 060099 4074 5235
06 037 060100 1359 1763
06 037 060101 3887 5000
06 037 060102 3010 3792
06 037 060103 4350 5577
06 037 060104 1640 2077
06 037 060105 3653 4680
06 037 060106 4408 5650
06 037 060107 3373 4297
06 037 060108 1301 1621
06 037 060109 2545 3261
06 037 060110 3795 4892
06 037 060111 3519 4466
06 037 060112 2831 3602
06 037 060113 2755 3563
06 037 060114 5184 6687
06 037 060115 3858 4972
06 037 060116 2410 3046
06 037 060117 3659 4675
06 037 060118 1783 2274
06 037 060119 3678 4730
06 037 060120 3486 4484
06 037 060121 3034 3896
06 037 060122 2704 3459
06 037 060123 4480 5703
06 037 060124 3666 4689
06 037 060125 3100 4019
06 037 060126 3346 4286
06 037 060127 1130 1476
06 037 060128 4487 5767
06 037 060129 3221 4119
06 037 060130 3003 3824
06 037 060131 3092 3962
06 037 060132 1101 1368
06 037 060133 2876 3706
06 037 060134 3092 3907
06 037 060135 1140 1466
06 037 060136 4283 5508
06 037 060137 3422 4430
06 037 060138 1967 2521
06 037 060139 3133 4076
06 037 060140 5907 7565
06 037 060141 4397 5651
06 037 060142 4368 5558
06 037 060143 734 954
06 037 060144 3046 3879
06 037 060145 3970 5055
06 037 060146 2751 3523
06 037 060147 5046 6474
06 037 060148 1810 2333
06 037 060149 3587 4588
06 037 060150 1589 2067
06 037 060151 3842 4928
06 037 060152 4479 5727
06 037 060153 2994 3811
06 037 060154 3058 3903
06 037 060155 1917 2475
06 037 060156 3666 4733
06 037 060157 3320 4261
06 037 060158 2998 3867
06 037 060159 3328 4232
06 037 060160 4078 5238
06 037 060161 3175 4071
06 037 060162 3485 4490
06 037 060163 1586 2034
06 037 060164 4267 5471
06 037 060165 2980 3790
06 037 060166 2758 3534
06 037 060167 4798 6123
06 037 060168 4224 5423
06 037 060169 2955 3747
06 037 060170 4781 6122
06 037 060171 1407 1796
06 037 060172 3730 4745
06 037 060173 1490 1883
06 037 060174 3094 3939
06 037 060175 5551 7099
06 037 060176 1949 2485
06 037 060177 1831 2338
06 037 060178 830 1067
06 037 060179 4284 5447
06 037 060180 3237 4142
06 037 060181 1820 2316
06 037 060182 4801 6184
06 037 060183 3726 4773
06 037 060184 3061 3942
06 037 060185 3628 4656
06 037 060186 3277 4234
06 037 060187 3402 4379
06 037 060188 2941 3779
06 037 060189 3443 4442
06 037 060190 1627 2040
06 037 060191 2261 2901
06 037 060192 2745 3555
06 037 060193 4770 6061
06 037 060194 4443 5728
06 037 060195 3129 3967
06 037 060196 2045 2592
06 037 060197 2773 3553
06 037 060198 2471 3196
06 037 060199 3399 4373
06 037 060200 3109 4035
06 037 060201 3569 4578
06 037 060202 2640 3367
06 037 060203 2163 2825
06 037 060204 1603 2058
06 037 060205 2408 3080
06 037 060206 4922 6302
06 037 060207 2478 3182
06 037 060208 3295 4261
06 037 060209 3088 3991
06 037 060210 2552 3272
06 037 060211 3365 4300
06 037 060212 5832 7469
06 037 060213 2410 3070
06 037 060214 2266 2903
06 037 060215 3570 4555
06 037 060216 2359 3057
06 037 060217 3296 4273
06 037 060218 2874 3723
06 037 060219 4881 6253
06 037 060220 5369 6838
06 037 060221 2392 3050
06 037 060222 4223 5436
06 037 060223 1064 1363
06 037 060224 3375 4328
06 037 060225 3409 4385
06 037 060226 938 1210
06 037 060227 2681 3452
06 037 060228 2770 3547
06 037 060229 4199 5410
06 037 060230 3415 4386
06 037 060231 4679 6060
06 037 060232 3122 4051
06 037 060233 2864 3696
06 037 060234 3531 4538
06 037 060235 2914 3736
06 037 060236 865 1093
06 037 060237 3022 3868
06 037 060238 3170 4056
06 037 060239 3348 4291
06 037 060240 7095 9097
06 037 060241 2490 3145
06 037 060242 4442 5678
06 037 060243 2941 3763
06 037 060244 3221 4136
06 037 060245 2270 2884
06 037 060246 1480 1822
06 037 060247 3627 4613
06 037 060248 2354 3029
06 037 060249 3666 4670
06 037 060250 3444 4391
06 037 060251 3082 3968
06 037 060252 5116 6556
06 037 060253 2547 3285
06 037 060254 3097 3973
06 037 060255 3163 4079
06 037 060256 1682 2169
06 037 060257 4645 5964
06 037 060258 808 1052
06 037 060259 3485 4516
06 037 060260 3805 4867
06 037 060261 2877 3686
06 037 060262 4465 5683
06 037 060263 2647 3375
06 037 060264 3827 4883
06 037 060265 4867 6258
06 037 060266 4068 5241
06 037 060267 2397 3076
06 037 060268 1311 1625
06 037 060269 3838 4941
06 037 060270 2697 3475
06 037 060271 2461 3198
06 037 060272 4206 5368
06 037 060273 6024 7714
06 037 060274 2215 2809
06 037 060275 4133 5312
06 037 060276 3765 4851
06 037 060277 4183 5354
06 037 060278 2216 2792
06 037 060279 4195 5377
06 037 060280 2310 2937
06 037 060281 2695 3457
06 037 060282 3558 4554
06 037 060283 3174 4094
06 037 060284 4559 5863
06 037 060285 2054 2617
06 037 060286 4224 5426
06 037 060287 4240 5435
06 037 060288 3953 5108
06 037 060289 2712 3488
06 037 060290 5648 7193
06 037 060291 3010 3824
06 037 060292 3243 4176
06 037 060293 3542 4515
06 037 060294 3838 4935
06 037 060295 4283 5525
06 037 060296 3553 4550
06 037 060297 4499 5764
06 037 060298 4030 5189
06 037 060299 2770 3540
06 037 060300 2027 2615
06 037 060301 4133 5316
06 037 060302 3216 4108
06 037 060303 2515 3196
06 037 060304 4556 5802
06 037 060305 1201 1547
06 037 060306 3874 4956
06 037 060307 2916 3731
06 037 060308 3320 4269
06 037 060309 1299 1725
06 037 060310 4713 6043
06 037 060311 2653 3409
06 037 060312 3151 4042
06 037 060313 4544 5827
06 037 060314 4911 6336
06 037 060315 4118 5263
06 037 060316 2172 2786
06 037 060317 3284 4204
06 037 060318 3078 3940
06 037 060319 3921 5029
06 037 060320 1996 2564
06 037 060321 1003 1257
06 037 060322 4746 6096
06 037 060323 2657 3417
06 037 060324 3563 4607
06 037 060325 1974 2522
06 037 060326 2160 2741
06 037 060327 3374 4319
06 037 060328 3113 3994
06 037 060329 2321 3010
06 037 060330 3542 4577
06 037 060331 4990 6432
06 037 060332 2224 2797
06 037 060333 3023 3892
06 037 060334 3902 4994
06 037 060335 1952 2506
06 037 060336 1052 1352
06 037 060337 3478 4498
06 037 060338 4042 5160
06 037 060339 3960 5102
06 037 060340 3929 5013
06 037 060341 1831 2392
06 037 060342 1123 1434
06 037 060343 3396 4340
06 037 060344 2418 3068
06 037 060345 2670 3397
06 037 060346 5573 7126
06 037 060347 3996 5137
06 037 060348 2574 3270
06 037 060349 3085 3910
06 037 060350 2465 3152
06 037 060351 3559 4578
06 037 060352 3948 5076
06 037 060353 1591 2076
06 037 060354 4409 5619
06 037 060355 2444 3108
06 037 060356 4418 5745
06 037 060357 3544 4545
06 037 060358 3217 4143
06 037 060359 3018 3848
06 037 060360 4302 5540
06 037 060361 2847 3595
06 037 060362 3087 3909
06 037 060363 2818 3567
06 037 060364 3674 4697
06 037 060365 1290 1641
06 037 060366 5021 6412
06 037 060367 2972 3755
06 037 060368 3602 4628
06 037 060369 3421 4374
06 037 060370 4286 5486
06 037 060371 3605 4600
06 037 060372 4513 5769
06 037 060373 4051 5171
06 037 060374 2767 3533
06 037 060375 714 910
06 037 060376 2003 2548
06 037 060377 4338 5568
06 037 060378 6494 8365
06 037 060379 3573 4580
06 037 060380 1587 2080
06 037 060381 925 1217
06 037 060382 2472 3160
06 037 060383 4020 5159
06 037 060384 3884 4982
06 037 060385 3491 4485
06 037 060386 5238 6704
06 037 060387 1093 1400
06 037 060388 3899 5024
06 037 060389 4139 5302
06 037 060390 4851 6224
06 037 060391 3565 4587
06 037 060392 2889 3708
06 037 060393 3284 4202
06 037 060394 3432 4412
06 037 060395 3628 4688
06 037 060396 3161 4043
06 037 060397 4526 5785
06 037 060398 5278 6754
06 037 060399 3251 4161
06 037 060400 4273 5496
06 037 060401 4166 5326
06 037 060402 3422 4395
06 037 060403 3993 5119
06 037 060404 815 1081
06 037 060405 1728 2248
06 037 060406 2776 3551
06 037 060407 1205 1562
06 037 060408 3179 4082
06 037 060409 4267 5488
06 037 060410 2129 2732
06 037 060411 3222 4152
06 037 060412 4102 5314
06 037 060413 1656 2141
06 037 060414 3356 4318
06 037 060415 2653 3353
06 037 060416 2172 2737
06 037 060417 752 948
06 037 060418 3515 4496
06 037 060419 4316 5544
06 037 060420 3585 4647
06 037 060421 5025 6460
06 037 060422 2042 2598
06 037 060423 2243 2829
06 037 060424 6095 7828
06 037 060425 2040 2610
06 037 060426 3091 3942
06 037 060427 4524 5781
06 037 060428 2379 3041
06 037 060429 2596 3304
06 037 060430 5050 6505
06 037 060431 1488 1842
06 037 060432 3960 5067
06 037 060433 3402 4333
06 037 060434 2669 3427
06 037 060435 5545 7072
06 037 060436 3295 4213
06 037 060437 2970 3832
06 037 060438 2084 2680
06 037 060439 2946 3774
06 037 060440 4124 5272
06 037 060441 2933 3802
06 037 060442 3717 4772
06 037 060443 2666 3452
06 037 060444 3032 3866
06 037 060445 3233 4162
06 037 060446 1934 2494
06 037 060447 4600 5898
06 037 060448 843 1097
06 037 060449 2411 3079
06 037 060450 3856 4902
06 037 060451 3406 4376
06 037 060452 2769 3584
06 037 060453 4037 5181
06 037 060454 6244 7986
06 037 060455 2652 3399
06 037 060456 3393 4370
06 037 060457 2124 2727
06 037 060458 3555 4577
06 037 060459 4586 5855
06 037 060460 4698 6012
06 037 060461 3626 4628
06 037 060462 2574 3378
06 037 060463 3197 4111
06 037 060464 3348 4299
06 037 060465 2204 2814
06 037 060466 975 1239
06 037 060467 3188 4080
06 037 060468 3967 5111
06 037 060469 2042 2621
06 037 060470 3163 4044
06 037 060471 1800 2325
06 037 060472 4846 6181
06 037 060473 1213 1543
06 037 060474 3086 3998
06 037 060475 4851 6190
06 037 060476 2500 3251
06 037 060477 1373 1795
06 037 060478 3182 4105
06 037 060479 2839 3622
06 037 060480 4124 5275
06 037 060481 4724 6101
06 037 070000 3252 4147
06 037 070001 2976 3801
06 037 070002 3352 4290
06 037 070003 2767 3542
06 037 070004 2304 2979
06 037 070005 3470 4444
06 037 070006 2789 3536
06 037 070007 4404 5657
06 037 070008 2639 3390
06 037 070009 4362 5645
06 037 070010 3835 4905
06 037 070011 5106 6526
06 037 070012 2029 2582
06 037 070013 2489 3197
06 037 070014 2223 2836
06 037 070015 2253 2883
06 037 070016 3719 4756
06 037 070017 2714 3437
06 037 070018 1419 1825
06 037 070019 5460 7048
06 037 070020 2155 2798
06 037 070021 2046 2658
06 037 070022 3443 4437
06 037 070023 2900 3763
06 037 070024 2835 3632
06 037 070025 3384 4291
06 037 070026 1716 2218
06 037 070027 2954 3796
06 037 070028 2224 2891
06 037 070029 794 980
06 037 070030 3055 3924
06 037 070031 2739 3504
06 037 070032 2922 3698
06 037 070033 1835 2352
06 037 070034 2085 2729
06 037 070035 3128 4021
06 037 070036 3642 4662
06 037 070037 5364 6909
06 037 070038 2557 3294
06 037 070039 4642 5993
06 037 070040 5407 6912
06 037 070041 3742 4773
06 037 070042 1539 1988
06 037 070043 1702 2179
06 037 070044 2817 3586
06 037 070045 2733 3488
06 037 070046 3200 4127
06 037 070047 2327 2984
06 037 070048 2428 3179
06 037 070049 3688 4711
06 037 070050 4938 6322
06 037 070051 3263 4190
06 037 070052 3435 4414
06 037 070053 831 1097
06 037 070054 2079 2628
06 037 070055 5156 6639
06 037 070056 3555 4512
06 037 070057 2661 3416
06 037 070058 3282 4237
06 037 070059 2829 3596
06 037 070060 2946 3764
06 037 070061 4297 5516
06 037 070062 3414 4383
06 037 070063 1821 2315
06 037 070064 2334 2995
06 037 070065 2062 2652
06 037 070066 2608 3342
06 037 070067 4406 5610
06 037 070068 2674 3414
06 037 070069 2892 3705
06 037 070070 2840 3626
06 037 070071 3610 4679
06 037 070072 3418 4385
06 037 070073 3031 3891
06 037 070074 4381 5622
06 037 070075 5149 6636
06 037 070076 5551 7119
06 037 070077 2443 3182
06 037 070078 1737 2269
06 037 070079 5954 7645
06 037 070080 3552 4604
06 037 070081 1777 2306
06 037 070082 1460 1911
06 037 070083 3005 3833
06 037 070084 2848 3621
06 037 070085 4482 5777
06 037 070086 3568 4619
06 037 070087 2423 3118
06 037 070088 1998 2567
06 037 070089 4230 5416
06 037 070090 1713 2187
06 037 070091 3402 4401
06 037 070092 3999 5121
06 037 070093 2934 3760
06 037 070094 1529 1970
06 037 070095 2655 3423
06 037 070096 3011 3842
06 037 070097 3736 4781
06 037 070098 6009 7677
06 037 070099 1667 2131
06 037 070100 3644 4664
06 037 070101 4900 6280
06 037 070102 5293 6767
06 037 070103 2983 3833
06 037 070104 2236 2916
06 037 070105 3055 3927
06 037 070106 5087 6553
06 037 070107 3793 4854
06 037 070108 2916 3737
06 037 070109 1467 1922
06 037 070110 4197 5361
06 037 070111 3382 4317
06 037 070112 2295 2943
06 037 070113 4393 5612
06 037 070114 4633 5942
06 037 070115 1970 2515
06 037 070116 3916 4981
06 037 070117 3548 4562
06 037 070118 5624 7214
06 037 070119 3166 4061
06 037 070120 1709 2196
06 037 070121 3474 4428
06 037 070122 2856 3671
06 037 070123 1975 2533
06 037 070124 3553 4540
06 037 070125 1764 2234
06 037 070126 3795 4865
06 037 070127 2465 3119
06 037 070128 3159 4072
06 037 070129 3315 4273
06 037 070130 1474 1839
06 037 070131 3279 4195
06 037 070132 2225 2848
06 037 070133 3365 4315
06 037 070134 713 918
06 037 070135 3481 4429
06 037 070136 1476 1911
06 037 070137 2324 2928
06 037 070138 4410 5653
06 037 070139 1062 1352
06 037 070140 722 915
06 037 070141 3251 4203
06 037 070142 5227 6683
06 037 070143 3596 4594
06 037 070144 4015 5152
06 037 070145 4678 6004
06 037 070146 3539 4513
06 037 070147 3081 3974
06 037 070148 3052 3896
06 037 070149 3931 5006
06 037 070150 3816 4871
06 037 070151 3117 3986
06 037 070152 3649 4634
06 037 070153 3830 4910
06 037 070154 3724 4764
06 037 070155 3385 4288
06 037 070156 2981 3792
06 037 070157 1995 2532
06 037 070158 3182 4112
06 037 070159 5206 6648
06 037 070160 4311 5511
06 037 070161 2869 3672
06 037 070162 4429 5670
06 037 070163 1020 1338
06 037 070164 3974 5121
06 037 070165 3750 4805
06 037 070166 3604 4630
06 037 070167 3945 5070
06 037 070168 2514 3267
06 037 070169 3578 4582
06 037 070170 4851 6208
06 037 070171 2599 3343
06 037 070172 3170 4081
06 037 070173 2007 2596
06 037 070174 1381 1816
06 037 070175 3515 4492
06 037 070176 2092 2680
06 037 070177 1245 1608
06 037 070178 3064 3956
06 037 070179 4297 5466
06 037 070180 2965 3782
06 037 070181 3172 4077
06 037 070182 4035 5206
06 037 070183 2676 3457
06 037 070184 1585 1990
06 037 070185 2993 3813
06 037 070186 1911 2406
06 037 070187 2291 2900
06 037 070188 3406 4420
06 037 070189 3436 4422
06 037 070190 4405 5590
06 037 070191 5199 6672
06 037 070192 3903 4997
06 037 070193 3675 4766
06 037 070194 3172 4049
06 037 070195 5031 6445
06 037 070196 2534 3246
06 037 070197 3445 4432
06 037 070198 4801 6168
06 037 070199 4195 5404
06 037 070200 3959 5093
06 037 070201 1964 2504
06 037 070202 3332 4295
06 037 070203 2859 3663
06 037 070204 4471 5749
06 037 070205 2279 2895
06 037 070206 2019 2576
06 037 070207 3270 4193
06 037 070208 3527 4511
06 037 070209 2263 2864
06 037 070210 4979 6412
06 037 070211 4711 6017
06 037 070212 2633 3386
06 037 070213 5739 7354
06 037 070214 3454 4438
06 037 070215 4090 5233
06 037 070216 3329 4232
06 037 070217 2804 3594
06 037 070218 1887 2440
06 037 070219 2721 3499
06 037 070220 5214 6700
06 037 070221 3785 4861
06 037 070222 2723 3489
06 037 070223 2617 3333
06 037 070224 2475 3190
06 037 070225 1832 2341
06 037 070226 2364 3075
06 037 070227 3112 3968
06 037 070228 3385 4332
06 037 070229 2906 3717
06 037 070230 3857 4911
06 037 070231 3198 4085
06 037 070232 4113 5272
06 037 070233 1562 1993
06 037 070234 3058 3932
06 037 070235 2397 3084
06 037 070236 1102 1457
06 037 070237 1554 1998
06 037 070238 4217 5407
06 037 070239 3542 4512
06 037 070240 3087 3892
06 037 070241 3512 4535
06 037 070242 3853 4921
06 037 070243 3108 3954
06 037 070244 3777 4810
06 037 070245 3162 4077
06 037 070246 1872 2429
06 037 070247 4017 5164
06 037 070248 3196 4115
06 037 070249 3342 4299
06 037 070250 5137 6572
06 037 070251 2450 3147
06 037 070252 5443 6980
06 037 070253 2726 3478
06 037 070254 3459 4390
06 037 070255 3809 4907
06 037 070256 2154 2734
06 037 070257 750 972
06 037 070258 4653 5924
06 037 070259 2856 3631
06 037 070260 2654 3409
06 037 070261 4803 6215
06 037 070262 3905 5006
06 037 070263 2651 3389
06 037 070264 4117 5305
06 037 070265 5025 6407
06 037 070266 2716 3474
06 037 070267 3748 4799
06 037 070268 3244 4183
06 037 070269 2372 3061
06 037 070270 5726 7341
06 037 070271 6205 7987
06 037 070272 3228 4145
06 037 070273 2256 2900
06 037 070274 3277 4243
06 037 070275 1214 1528
06 037 070276 2279 2936
06 037 070277 3952 5096
06 037 070278 2061 2614
06 037 070279 3350 4327
06 037 070280 1973 2536
06 037 070281 1958 2530
06 037 070282 2858 3690
06 037 070283 2657 3422
06 037 070284 3379 4347
06 037 070285 3131 4056
06 037 070286 2362 3049
06 037 070287 4387 5592
06 037 070288 2821 3638
06 037 070289 1411 1766
06 037 070290 2082 2653
06 037 070291 1032 1298
06 037 070292 2414 3118
06 037 070293 943 1230
06 037 070294 4062 5196
06 037 070295 2043 2580
06 037 070296 3755 4793
06 037 070297 2291 2960
06 037 070298 1958 2536
06 037 070299 2996 3855
06 037 070300 5404 6923
06 037 070301 3003 3861
06 037 070302 1674 2138
06 037 070303 4009 5135
06 037 080000 5954 7624
06 037 080001 2591 3317
06 037 080002 3593 4604
06 037 080003 3399 4320
06 037 080004 1723 2201
06 037 080005 2197 2841
06 037 080006 2702 3460
06 037 080007 2172 2820
06 037 080008 2687 3368
06 037 080009 2608 3265
06 037 080010 1709 2204
06 037 080011 4581 5864
06 037 080012 4066 5228
06 037 080013 3873 5007
06 037 080014 3446 4438
06 037 080015 686 852
06 037 080016 4601 5882
06 037 080017 1193 1505
06 037 080018 2367 3031
06 037 080019 3519 4485
06 037 080020 1501 1929
06 037 080021 4449 5718
06 037 080022 1217 1581
06 037 080023 3233 4169
06 037 080024 1968 2532
06 037 080025 3419 4377
06 037 080026 2802 3572
06 037 080027 1915 2427
06 037 080028 1713 2195
06 037 080029 3150 4036
06 037 080030 3449 4428
06 037 080031 3686 4722
06 037 080032 4035 5187
06 037 080033 4487 5764
06 037 080034 4172 5355
06 037 080035 3478 4454
06 037 080036 3067 3935
06 037 080037 4676 5972
06 037 080038 2595 3316
06 037 080039 5020 6409
06 037 080040 1877 2398
06 037 080041 2752 3550
06 037 080042 3007 3847
06 037 080043 3474 4462
06 037 080044 3798 4788
06 037 080045 4496 5762
06 037 080046 2864 3686
06 037 080047 3636 4704
06 037 080048 3291 4238
06 037 080049 2645 3415
06 037 080050 2586 3285
06 037 080051 3649 4700
06 037 080052 4467 5705
06 037 080053 3054 3910
06 037 080054 1723 2223
06 037 080055 2091 2707
06 037 080056 2913 3752
06 037 080057 1925 2512
06 037 080058 4808 6175
06 037 080059 3268 4231
06 037 080060 770 995
06 037 080061 712 959
06 037 080062 4180 5329
06 037 080063 3719 4809
06 037 080064 2286 2952
06 037 080065 3390 4330
06 037 080066 2646 3398
06 037 080067 4269 5489
06 037 080068 2759 3490
06 037 080069 2733 3483
06 037 080070 4923 6322
06 037 080071 4215 5419
06 037 080072 4954 6350
06 037 080073 3507 4534
06 037 080074 3371 4258
06 037 080075 4775 6106
06 037 080076 2358 3051
06 037 080077 2727 3509
06 037 080078 2392 3061
06 037 080079 2687 3449
06 037 080080 4804 6169
06 037 080081 3363 4312
06 037 080082 3398 4380
06 037 080083 3706 4765
06 037 080084 560 746
06 037 080085 2061 2654
06 037 080086 3185 4084
06 037 080087 3457 4442
06 037 080088 2831 3627
06 037 080089 2948 3758
06 037 080090 4575 5828
06 037 080091 1306 1608
06 037 080092 4683 5965
06 037 080093 2284 2888
06 037 080094 4146 5303
06 037 080095 5325 6821
06 037 080096 5686 7298
06 037 080097 4450 5668
06 037 080098 3014 3855
06 037 080099 3874 4936
06 037 080100 3865 4994
06 037 080101 4070 5172
06 037 080102 3571 4610
06 037 080103 1868 2369
06 037 080104 4229 5440
06 037 080105 3293 4201
06 037 080106 2579 3291
06 037 080107 3302 4287
06 037 080108 2989 3855
06 037 080109 2837 3618
06 037 080110 703 946
06 037 080111 4076 5235
06 037 080112 3617 4679
06 037 080113 1606 2077
06 037 080114 2842 3640
06 037 080115 4002 5136
06 037 080116 3695 4740
06 037 080117 3273 4195
06 037 080118 2978 3814
06 037 080119 4811 6118
06 037 080120 2718 3508
06 037 080121 3534 4509
06 037 080122 2975 3806
06 037 080123 4424 5649
06 037 080124 4490 5781
06 037 080125 2729 3482
06 037 080126 2766 3561
06 037 080127 1245 1545
06 037 080128 3372 4315
06 037 080129 3769 4834
06 037 080130 3376 4347
06 037 080131 959 1230
06 037 080132 2308 2962
06 037 080133 2158 2764
06 037 080134 3788 4850
06 037 080135 2462 3164
06 037 080136 2744 3520
06 037 080137 3951 5033
06 037 080138 4338 5569
06 037 080139 2529 3258
06 037 080140 3505 4467
06 037 080141 3064 3980
06 037 080142 6146 7883
06 037 080143 2681 3427
06 037 080144 3294 4266
06 037 080145 3263 4181
06 037 080146 4072 5213
06 037 080147 2872 3653
06 037 080148 3810 4838
06 037 080149 2866 3695
06 037 080150 3867 4952
06 037 080151 5348 6845
06 037 080152 3875 4981
06 037 080153 2106 2688
06 037 090000 2529 3303
06 037 090001 3099 3986
06 037 090002 4358 5582
06 037 090003 4668 6020
06 037 090004 1012 1272
06 037 090005 3543 4601
06 037 090006 6106 7825
06 037 090007 1945 2497
06 037 090008 3299 4249
06 037 090009 1304 1671
06 037 090010 3772 4903
06 037 090011 3695 4727
06 037 090012 2928 3748
06 037 090013 2044 2642
06 037 090014 3431 4359
06 037 090015 2738 3536
06 037 090016 4593 5872
06 037 090017 4838 6201
06 037 090018 4202 5438
06 037 090019 2992 3844
06 037 090020 4560 5877
06 037 090021 5047 6405
06 037 090022 2097 2664
06 037 090023 1734 2236
06 037 090024 3834 4910
06 037 090025 4085 5222
06 037 090026 1883 2430
06 037 090027 1605 2046
06 037 090028 3447 4414
06 037 090029 2185 2854
06 037 090030 4840 6147
06 037 090031 2141 2739
06 037 090032 2011 2575
06 037 090033 5115 6569
06 037 090034 2641 3367
06 037 090035 4300 5472
06 037 090036 3579 4571
06 037 090037 2884 3706
06 037 090038 2848 3603
06 037 090039 2943 3787
06 037 090040 5222 6724
06 037 090041 3940 5069
06 037 090042 1686 2160
06 037 090043 4833 6198
06 037 090044 3762 4834
06 037 090045 1552 1999
06 037 090046 1300 1637
06 037 090047 2398 3085
06 037 090048 2522 3234
06 037 090049 3081 3945
06 037 090050 3955 5091
06 037 090051 2766 3551
06 037 090052 1287 1636
06 037 090053 2319 2995
06 037 090054 2232 2906
06 037 090055 3841 4923
06 037 090056 3091 3979
06 037 090057 3128 3998
06 037 090058 4578 5891
06 037 090059 3851 4954
06 037 090060 3328 4247
06 037 090061 2581 3326
06 037 090062 3872 4956
06 037 090063 2090 2668
06 037 090064 4477 5742
06 037 090065 2335 2970
06 037 090066 927 1181
06 037 090067 1725 2222
06 037 090068 3175 4055
06 037 090069 3423 4415
06 037 090070 2808 3562
06 037 090071 2696 3456
06 037 090072 2560 3295
06 037 090073 3745 4777
06 037 090074 2396 3070
06 037 090075 1831 2339
06 037 090076 3963 5069
06 037 090077 2934 3765
06 037 090078 1491 1918
06 037 090079 4023 5144
06 037 090080 4237 5452
06 037 090081 4527 5814
06 037 090082 886 1163
06 037 090083 1999 2531
06 037 090084 3368 4276
06 037 090085 2465 3144
06 037 090086 4033 5179
06 037 090087 1926 2453
06 037 090088 4556 5835
06 037 090089 1180 1544
06 037 090090 3677 4710
06 037 090091 4423 5704
06 037 090092 1582 2061
06 037 090093 3107 3989
06 037 090094 2231 2853
06 037 090095 3987 5118
06 037 090096 1424 1903
06 037 090097 2521 3234
06 037 090098 3525 4542
06 037 090099 4928 6299
06 037 090100 3222 4098
06 037 090101 3986 5116
06 037 090102 3849 4908
06 037 090103 1569 1998
06 037 090104 4732 6055
06 037 090105 2689 3435
06 037 090106 3887 5013
06 037 090107 2935 3745
06 037 090108 3498 4452
06 037 090109 1515 1933
06 037 090110 1648 2135
06 037 090111 3511 4471
06 037 090112 3195 4075
06 037 090113 4190 5387
06 037 090114 2148 2777
06 037 090115 3361 4298
06 037 090116 5685 7285
06 037 090117 2460 3138
06 037 090118 2588 3279
06 037 090119 4274 5473
06 037 090120 3532 4556
06 037 090121 3760 4828
06 037 090122 4146 5330
06 037 090123 1615 2023
06 037 090124 3445 4481
06 037 090125 2711 3475
06 037 090126 3764 4870
06 037 090127 3066 3912
06 037 090128 2692 3431
06 037 090129 2630 3361
06 037 090130 3307 4270
06 037 090131 2586 3291
06 037 090132 2563 3267
06 037 090133 2902 3728
06 037 100000 1226 1567
06 037 100001 2021 2597
06 037 100002 2997 3823
06 037 100003 4875 6254
06 037 100004 4827 6148
06 037 100005 4963 6421
06 037 100006 3711 4724
06 037 100007 2049 2608
06 037 100008 3570 4567
06 037 100009 2994 3867
06 037 100010 2022 2555
06 037 100011 2248 2869
06 037 100012 3649 4676
06 037 100013 4184 5355
06 037 100014 3624 4632
06 037 100015 1778 2234
06 037 100016 2683 3395
06 037 100017 4491 5785
06 037 100018 2767 3548
06 037 100019 3105 3987
06 037 100020 2179 2775
06 037 100021 3085 3963
06 037 100022 3257 4200
06 037 100023 3615 4667
06 037 100024 793 1039
06 037 100025 2696 3401
06 037 100026 1842 2322
06 037 100027 3375 4311
06 037 100028 644 859
06 037 100029 1823 2350
06 037 100030 4202 5376
06 037 100031 5039 6440
06 037 100032 2682 3401
06 037 100033 3939 5036
06 037 100034 2122 2775
06 037 100035 4074 5250
06 037 100036 1587 2057
06 037 100037 2341 3040
06 037 100038 1886 2418
06 037 100039 4182 5330
06 037 100040 3331 4286
06 037 100041 4653 5947
06 037 100042 2145 2774
06 037 100043 4274 5464
06 037 100044 2212 2882
06 037 100045 3263 4139
06 037 100046 2136 2779
06 037 100047 3113 3998
06 037 100048 4625 5932
06 037 100049 4547 5813
06 037 100050 1497 1888
06 037 100051 1840 2364
06 037 100052 1909 2478
06 037 100053 890 1195
06 037 100054 5298 6815
06 037 100055 958 1239
06 037 100056 2048 2608
06 037 100057 4537 5846
06 037 100058 2548 3301
06 037 100059 3498 4451
06 037 100060 4440 5652
06 037 100061 3548 4588
06 037 100062 1233 1594
06 037 100063 2787 3593
06 037 100064 2563 3263
06 037 100065 2089 2686
06 037 100066 1916 2396
06 037 100067 2499 3170
06 037 100068 4068 5209
06 037 100069 4886 6296
06 037 100070 4285 5500
06 037 100071 4466 5716
06 037 100072 4063 5168
06 037 100073 3804 4878
06 037 100074 3948 5089
06 037 100075 2978 3762
06 037 100076 2978 3822
06 037 100077 2772 3511
06 037 100078 2520 3261
06 037 100079 3128 4034
06 037 100080 1804 2337
06 037 100081 4878 6263
06 037 100082 4643 5948
06 037 100083 3113 3980
06 037 100084 2331 2957
06 037 100085 2320 2958
06 037 100086 1470 1887
06 037 100087 4336 5572
06 037 100088 4574 5819
06 037 100089 2853 3656
06 037 100090 2686 3452
06 037 100091 3674 4700
06 037 100092 3072 3952
06 037 100093 3223 4140
06 037 100094 3047 3916
06 037 100095 1738 2237
06 037 100096 3154 4090
06 037 100097 3117 4003
06 037 100098 5728 7309
06 037 100099 3521 4548
06 037 100100 2490 3165
06 037 100101 3143 4024
06 037 100102 3447 4433
06 037 100103 2960 3755
06 037 100104 4450 5686
06 037 100105 2635 3374
06 037 100106 3888 5005
06 037 100107 2166 2789
06 037 100108 2937 3789
06 037 100109 2251 2866
06 037 100110 1689 2158
06 037 100111 2264 2899
06 037 100112 1633 2103
06 037 100113 3027 3866
06 037 100114 4095 5277
06 037 100115 4967 6328
06 037 100116 3082 3945
06 037 100117 4578 5850
06 037 100118 3835 4968
06 037 100119 3199 4101
06 037 100120 2848 3667
06 037 100121 2111 2722
06 037 100122 2655 3464
06 037 100123 3218 4154
06 037 100124 2085 2675
06 037 100125 3739 4757
06 037 100126 5069 6521
06 037 100127 3710 4760
06 037 100128 5282 6784
06 037 100129 2806 3606
06 037 100130 3325 4277
06 037 100131 1925 2468
06 037 100132 5306 6824
06 037 100133 1966 2538
06 037 100134 4519 5782
06 037 100135 4145 5294
06 037 100136 2468 3205
06 037 100137 3579 4604
06 037 100138 1369 1718
06 037 100139 2464 3156
06 037 100140 4610 5964
06 037 100141 4582 5878
06 037 100142 5329 6837
06 037 100143 3185 4065
06 037 100144 2059 2637
06 037 100145 4702 6054
06 037 100146 4693 6041
06 037 100147 4098 5215
06 037 100148 2375 3040
06 037 100149 3512 4502
06 037 100150 4134 5315
06 037 100151 2708 3465
06 037 100152 4404 5645
06 037 100153 3416 4355
06 037 100154 756 1007
06 037 100155 1864 2394
06 037 100156 4001 5200
06 037 100157 1793 2285
06 037 100158 2960 3757
06 037 100159 4756 6092
06 037 100160 5291 6752
06 037 100161 2970 3848
06 037 100162 3064 3925
06 037 100163 5286 6778
06 037 100164 1939 2486
06 037 100165 2536 3239
06 037 100166 1375 1765
06 037 100167 1712 2160
06 037 100168 2246 2893
06 037 100169 4126 5333
06 037 100170 2283 2949
06 037 100171 2004 2567
06 037 100172 1825 2363
06 037 100173 2375 3052
06 037 100174 4078 5218
06 037 100175 3208 4102
06 037 100176 711 873
06 037 100177 2572 3303
06 037 100178 3367 4336
06 037 100179 3698 4794
06 037 100180 3516 4516
06 037 100181 3913 5072
06 037 100182 3226 4136
06 037 100183 3161 4061
06 037 100184 4090 5259
06 037 100185 1921 2459
06 037 100186 4817 6193
06 037 100187 3103 4006
06 037 100188 3822 4903
06 037 100189 2947 3778
06 037 100190 4308 5489
06 037 100191 3206 4094
06 037 100192 3091 3988
06 037 100193 2625 3352
06 037 100194 3461 4437
06 037 100195 3495 4512
06 037 100196 6205 7950
06 037 100197 6397 8160
06 037 100198 2763 3558
06 037 100199 3309 4275
06 037 100200 3409 4399
06 037 100201 3615 4632
06 037 100202 3807 4884
06 037 100203 2105 2736
06 037 100204 5129 6606
06 037 100205 5964 7650
06 037 100206 4465 5712
06 037 100207 4284 5508
06 037 100208 4131 5300
06 037 100209 2182 2783
06 037 100210 3567 4575
06 037 100211 1018 1330
06 037 100212 2784 3573
06 037 100213 4555 5877
06 037 100214 3222 4102
06 037 100215 6305 8078
06 037 100216 2320 2968
06 037 100217 3689 4737
06 037 100218 3121 4002
06 037 100219 4491 5750
06 037 100220 3136 4036
06 037 100221 2024 2590
06 037 100222 4015 5171
06 037 100223 2260 2933
06 037 100224 1919 2505
06 037 100225 4683 5998
06 037 100226 6831 8782
06 037 100227 2397 3095
06 037 100228 3284 4178
06 037 100229 2684 3448
06 037 100230 3627 4659
06 037 100231 1447 1830
06 037 100232 3914 5018
06 037 100233 3813 4923
06 037 100234 2437 3099
06 037 100235 3150 4003
06 037 100236 3149 4051
06 037 100237 4823 6165
06 037 100238 2303 2979
06 037 100239 4446 5730
06 037 100240 2210 2798
06 037 100241 1200 1512
06 037 100242 3308 4261
06 037 100243 2951 3807
06 037 100244 2730 3449
06 037 100245 2250 2884
06 037 100246 2634 3342
06 037 100247 3705 4758
06 037 100248 3919 5045
06 037 100249 3742 4829
06 037 100250 3855 4921
06 037 100251 1379 1757
06 037 100252 3006 3877
06 037 100253 2561 3277
06 037 100254 2234 2883
06 037 100255 2522 3229
06 037 100256 3246 4179
06 037 100257 2256 2901
06 037 100258 3012 3846
06 037 100259 3042 3917
06 037 100260 4958 6385
06 037 100261 5008 6400
06 037 100262 2755 3494
06 037 100263 2923 3722
06 037 100264 4797 6085
06 037 100265 2666 3432
